time	V(n001)
0.000000000000000e+000	0.000000e+000
4.618750021368866e-006	1.173004e-004
9.237500042737733e-006	2.323648e-004
1.385625006410660e-005	3.451934e-004
1.847500008547547e-005	4.557861e-004
2.309375010684433e-005	5.641429e-004
2.771250012821320e-005	6.702638e-004
3.233125014958205e-005	7.741489e-004
4.209687514958205e-005	9.742467e-004
5.186250014958206e-005	1.149275e-003
6.162812514958205e-005	1.295082e-003
7.139375014958205e-005	1.408468e-003
7.775930611102981e-005	1.463855e-003
8.289635614352590e-005	1.497586e-003
8.817091390478269e-005	1.521934e-003
9.620624490936816e-005	1.539041e-003
1.059718699093682e-004	1.528046e-003
1.157374949093682e-004	1.483968e-003
1.255031199093681e-004	1.409708e-003
1.352687449093682e-004	1.309113e-003
1.450343699093682e-004	1.186841e-003
1.547999949093682e-004	1.048194e-003
1.840968699093682e-004	5.928138e-004
1.938624949093682e-004	4.479655e-004
2.036281199093682e-004	3.161576e-004
2.133937449093682e-004	2.024269e-004
2.231593699093682e-004	1.110909e-004
2.329249949093682e-004	4.560057e-005
2.426906199093683e-004	8.422040e-006
2.482462377404272e-004	4.856431e-007
2.543479583795660e-004	2.983461e-006
2.620768038785258e-004	2.292126e-005
2.718424288785258e-004	7.416354e-005
2.816080538785258e-004	1.526428e-004
2.913736788785258e-004	2.553995e-004
3.000000000000000e-004	3.632713e-004
3.029296875000000e-004	5.860120e-004
3.068359375000000e-004	8.743851e-004
3.146484375000000e-004	1.369501e-003
3.178964732356403e-004	1.525524e-003
3.202042177225780e-004	1.614264e-003
3.219102269263274e-004	1.667206e-003
3.236126858072755e-004	1.708927e-003
3.257300918452758e-004	1.745035e-003
3.276886612107551e-004	1.762776e-003
3.308699731318425e-004	1.759997e-003
3.359751355003034e-004	1.678891e-003
3.438373300295411e-004	1.405478e-003
3.536029550295411e-004	9.438980e-004
3.617777868992240e-004	5.998855e-004
3.659696055410235e-004	4.798701e-004
3.688201282642530e-004	4.285981e-004
3.708814136982108e-004	4.086000e-004
3.724188538726056e-004	4.034835e-004
3.742290264769644e-004	4.084533e-004
3.762132539951140e-004	4.276916e-004
3.784748258590562e-004	4.671128e-004
3.821408191050617e-004	5.692568e-004
3.879785027367739e-004	8.189459e-004
3.967589360980965e-004	1.332315e-003
4.065245610980965e-004	1.934481e-003
4.117611088303412e-004	2.195708e-003
4.164473443361753e-004	2.360238e-003
4.200765340287374e-004	2.431799e-003
4.218146855443177e-004	2.447065e-003
4.253668002946883e-004	2.438253e-003
4.270972473152376e-004	2.414275e-003
4.299111763576439e-004	2.348049e-003
4.344482204250952e-004	2.173585e-003
4.415421162094767e-004	1.757930e-003
4.513077412094767e-004	1.013400e-003
4.610733662094767e-004	2.708421e-004
4.655143499889685e-004	-7.381248e-006
4.684993816483373e-004	-1.616128e-004
4.706453349379856e-004	-2.538876e-004
4.722411896768241e-004	-3.117929e-004
4.740131546998892e-004	-3.650375e-004
4.761328106496995e-004	-4.132047e-004
4.783439757444915e-004	-4.453952e-004
4.819296328883487e-004	-4.593350e-004
4.876473792365742e-004	-3.922496e-004
4.962836218135882e-004	-1.380473e-004
5.060492468135882e-004	2.192217e-004
5.130053618369403e-004	4.048777e-004
5.167796672536731e-004	4.532770e-004
5.193969594202077e-004	4.595626e-004
5.213082776383632e-004	4.487949e-004
5.228755766515286e-004	4.299112e-004
5.244891147824551e-004	4.008324e-004
5.263100583083094e-004	3.562027e-004
5.286322630113934e-004	2.812539e-004
5.323947210701054e-004	1.184701e-004
5.383755882469573e-004	-2.335452e-004
5.473247754028489e-004	-9.040500e-004
5.570904004028489e-004	-1.662105e-003
5.634870113196110e-004	-2.068816e-003
5.671032448716139e-004	-2.242222e-003
5.696294684156507e-004	-2.334099e-003
5.730905376909847e-004	-2.417499e-003
5.763676611535096e-004	-2.449333e-003
5.787259307844651e-004	-2.443676e-003
5.825456764783348e-004	-2.385298e-003
5.880405576943618e-004	-2.204145e-003
5.959943146776096e-004	-1.787932e-003
6.057599396776096e-004	-1.174586e-003
6.128674810133020e-004	-7.769589e-004
6.166876289809227e-004	-6.113300e-004
6.193310386355371e-004	-5.227348e-004
6.212593514115667e-004	-4.729531e-004
6.228147005423632e-004	-4.423689e-004
6.244755459139704e-004	-4.193781e-004
6.263050105016597e-004	-4.057413e-004
6.286240542716023e-004	-4.060279e-004
6.323814880642858e-004	-4.469725e-004
6.383549205742461e-004	-6.044527e-004
6.472954378526876e-004	-9.868755e-004
6.570610628526876e-004	-1.443611e-003
6.634737376954523e-004	-1.664989e-003
6.670942846747173e-004	-1.738451e-003
6.696230144282571e-004	-1.762937e-003
6.714763258298204e-004	-1.765793e-003
6.746333856296091e-004	-1.740088e-003
6.763637158614845e-004	-1.709426e-003
6.787195157130034e-004	-1.648946e-003
6.825353404605254e-004	-1.506814e-003
6.885950191082092e-004	-1.181642e-003
6.976354777042445e-004	-5.432267e-004
7.074011027042445e-004	1.786248e-004
7.136265765539953e-004	5.553736e-004
7.171976026816398e-004	7.182435e-004
7.196974870574427e-004	8.043409e-004
7.215317785009061e-004	8.517502e-004
7.231534936306711e-004	8.821389e-004
7.247558411013442e-004	9.013428e-004
7.264092446445196e-004	9.097981e-004
7.287935425847137e-004	9.017567e-004
7.326545901456727e-004	8.395130e-004
7.387808247379274e-004	6.281797e-004
7.451015510139629e-004	2.991563e-004
7.520952502949802e-004	-1.319617e-004
7.584113926623306e-004	-5.153882e-004
7.640682862857134e-004	-8.042917e-004
7.674979809837398e-004	-9.388136e-004
7.699146554697423e-004	-1.011200e-003
7.716937310356600e-004	-1.051673e-003
7.733519866624978e-004	-1.079222e-003
7.749200991593688e-004	-1.096065e-003
7.764703021272742e-004	-1.103853e-003
7.788928067216416e-004	-1.098477e-003
7.828144141298004e-004	-1.045957e-003
7.890294421358746e-004	-8.647098e-004
7.982463531044709e-004	-4.501640e-004
8.080119781044709e-004	7.490260e-006
8.138957882151717e-004	2.040816e-004
8.173803620450207e-004	2.720513e-004
8.198295043424962e-004	2.942104e-004
8.216301863967861e-004	2.960642e-004
8.232756687376991e-004	2.867127e-004
8.247927193952714e-004	2.686105e-004
8.264229539584767e-004	2.389834e-004
8.288158316401655e-004	1.765792e-004
8.326904855636005e-004	2.958842e-005
8.388367035151400e-004	-3.064760e-004
8.479760304176626e-004	-9.621162e-004
8.577416554176626e-004	-1.690972e-003
8.637774841009567e-004	-2.059572e-003
8.672999278817701e-004	-2.223106e-003
8.697713580777804e-004	-2.310568e-003
8.732219019267482e-004	-2.391743e-003
8.764544166873147e-004	-2.422667e-003
8.788669822686540e-004	-2.417072e-003
8.827728434613277e-004	-2.357599e-003
8.889648214413476e-004	-2.148288e-003
8.981558458592270e-004	-1.652475e-003
9.079214708592271e-004	-1.055828e-003
9.135625858961349e-004	-7.623773e-004
9.178453615004044e-004	-5.926784e-004
9.202327004249228e-004	-5.227408e-004
9.219315557442557e-004	-4.846907e-004
9.236384251564007e-004	-4.566311e-004
9.259928846942501e-004	-4.349563e-004
9.281163279703505e-004	-4.323677e-004
9.315618868013481e-004	-4.615187e-004
9.370690221367746e-004	-5.861486e-004
9.454460425526290e-004	-9.102864e-004
9.552116675526290e-004	-1.346818e-003
9.626010567471382e-004	-1.592409e-003
9.665105365452388e-004	-1.660114e-003
9.692044706084055e-004	-1.675145e-003
9.711655150633705e-004	-1.668449e-003
9.726979062847664e-004	-1.652476e-003
9.745994922959865e-004	-1.619307e-003
9.763511121493882e-004	-1.575597e-003
9.786990216404611e-004	-1.497364e-003
9.825023177183682e-004	-1.324536e-003
9.885435202095921e-004	-9.454543e-004
9.975626861176618e-004	-2.137827e-004
1.007328311117662e-003	6.280779e-004
1.013594043047387e-003	1.092762e-003
1.017175583496934e-003	1.307402e-003
1.019681605675305e-003	1.430571e-003
1.021519949460054e-003	1.505600e-003
1.023138791492869e-003	1.560502e-003
1.024729722670027e-003	1.604058e-003
1.026399534762612e-003	1.638585e-003
1.028777755540685e-003	1.668028e-003
1.032629163091491e-003	1.667870e-003
1.038741227928648e-003	1.557948e-003
1.047841706896264e-003	1.215727e-003
1.057607331896264e-003	7.788272e-004
1.063718214793968e-003	5.630591e-004
1.067259702456636e-003	4.805385e-004
1.069742304914462e-003	4.457488e-004
1.071565171213515e-003	4.333527e-004
1.073194992837859e-003	4.320760e-004
1.074829561610265e-003	4.402741e-004
1.076436649162021e-003	4.576481e-004
1.078838097092971e-003	5.006929e-004
1.082726338320645e-003	6.121677e-004
1.088107716214020e-003	8.421058e-004
1.096103501765530e-003	1.296587e-003
1.105869126765530e-003	1.888805e-003
1.112919733460090e-003	2.225438e-003
1.116722477424463e-003	2.345563e-003
1.119355986941687e-003	2.397563e-003
1.122837735983517e-003	2.423552e-003
1.126306920383146e-003	2.398994e-003
1.128627160129301e-003	2.354327e-003
1.132386494973308e-003	2.235502e-003
1.138362740866535e-003	1.940236e-003
1.147306540154054e-003	1.324266e-003
1.157072165154054e-003	5.843187e-004
1.163478762835072e-003	1.666637e-004
1.167097676549293e-003	-1.999475e-005
1.169625457476137e-003	-1.240941e-004
1.171478144235091e-003	-1.854431e-004
1.173086826278589e-003	-2.280207e-004
1.174637401850229e-003	-2.594508e-004
1.176365209278422e-003	-2.832519e-004
1.178721944025218e-003	-2.966872e-004
1.182539253022149e-003	-2.731268e-004
1.188601119440910e-003	-1.318030e-004
1.197644095049360e-003	2.476014e-004
1.207409720049360e-003	7.186469e-004
1.213630421434301e-003	9.554378e-004
1.217200205911244e-003	1.046249e-003
1.219699364989651e-003	1.085704e-003
1.221533177385944e-003	1.100958e-003
1.223155232233622e-003	1.104414e-003
1.224758929702474e-003	1.098401e-003
1.226410392845803e-003	1.082352e-003
1.228795409393549e-003	1.041659e-003
1.232657596726729e-003	9.334931e-004
1.238785506018887e-003	6.675280e-004
1.245102096887984e-003	3.066950e-004
1.252095924337332e-003	-1.306169e-004
1.258412489887617e-003	-4.931515e-004
1.264068756480886e-003	-7.422070e-004
1.267498302136378e-003	-8.430917e-004
1.269914888170588e-003	-8.875747e-004
1.271693904766292e-003	-9.053280e-004
1.273352195442757e-003	-9.100657e-004
1.274920540897194e-003	-9.039067e-004
1.276470466316517e-003	-8.876164e-004
1.278893073634074e-003	-8.419888e-004
1.282814843756341e-003	-7.177549e-004
1.289030109813261e-003	-4.072455e-004
1.298247287584979e-003	2.303103e-004
1.308012912584979e-003	9.574008e-004
1.313896194962748e-003	1.328587e-003
1.317380638916658e-003	1.503098e-003
1.319829704613637e-003	1.601180e-003
1.321630335785206e-003	1.659277e-003
1.324792698599055e-003	1.731220e-003
1.326422946227800e-003	1.753028e-003
1.328815819071562e-003	1.766213e-003
1.332690465323798e-003	1.741430e-003
1.338836672014275e-003	1.597069e-003
1.347975986144714e-003	1.215773e-003
1.357741611144714e-003	7.560409e-004
1.363777464619351e-003	5.365195e-004
1.367299914651980e-003	4.526477e-004
1.369771348519592e-003	4.175295e-004
1.371586819316643e-003	4.051973e-004
1.373221893073005e-003	4.042111e-004
1.374877345524868e-003	4.131513e-004
1.376454410841622e-003	4.310121e-004
1.378866972765330e-003	4.758164e-004
1.382772828162274e-003	5.914119e-004
1.388964797653402e-003	8.700354e-004
1.398155812518642e-003	1.421247e-003
1.407921437518642e-003	2.010674e-003
1.413562531610918e-003	2.267787e-003
1.417845319427123e-003	2.393972e-003
1.420232701223040e-003	2.433687e-003
1.421931556341995e-003	2.447635e-003
1.423638425877882e-003	2.449317e-003
1.425992884964069e-003	2.431066e-003
1.428116328409372e-003	2.394150e-003
1.431561887510944e-003	2.293925e-003
1.437069023254862e-003	2.038135e-003
1.445446044180737e-003	1.474777e-003
1.455211669180737e-003	7.035423e-004
1.462601057548505e-003	1.692439e-004
1.466510537076415e-003	-6.204409e-005
1.469204470987498e-003	-1.937131e-004
1.471165515344223e-003	-2.737845e-004
1.472697906634409e-003	-3.266383e-004
1.474599492728657e-003	-3.800599e-004
1.476351112310290e-003	-4.172009e-004
1.478699021902096e-003	-4.488615e-004
1.482502318139974e-003	-4.573445e-004
1.488543520867210e-003	-3.730622e-004
1.497562687047680e-003	-9.130342e-005
1.507328312047680e-003	2.606272e-004
1.513594043463685e-003	4.152488e-004
1.517175583778599e-003	4.557341e-004
1.519681605878423e-003	4.587986e-004
1.521519949611330e-003	4.467790e-004
1.523138791680893e-003	4.258378e-004
1.524729723004056e-003	3.956536e-004
1.526399534886795e-003	3.536875e-004
1.528777755742592e-003	2.758950e-004
1.532629163416703e-003	1.067154e-004
1.538741228435167e-003	-2.582141e-004
1.547841707609607e-003	-9.453389e-004
1.557607332609607e-003	-1.698805e-003
1.563718215109592e-003	-2.081274e-003
1.567259702670720e-003	-2.248640e-003
1.569742305069040e-003	-2.337606e-003
1.573194992981015e-003	-2.419228e-003
1.576436649256548e-003	-2.449505e-003
1.578838097246649e-003	-2.442819e-003
1.582726338568088e-003	-2.381088e-003
1.588107716306000e-003	-2.201302e-003
1.596103501915069e-003	-1.781359e-003
1.605869126915069e-003	-1.167872e-003
1.612919733531474e-003	-7.744238e-004
1.616722477472097e-003	-6.100159e-004
1.619355986975798e-003	-5.220088e-004
1.621277863750540e-003	-4.725383e-004
1.622837736015015e-003	-4.419814e-004
1.624480679745425e-003	-4.193227e-004
1.626306920385758e-003	-4.057335e-004
1.628627160133549e-003	-4.060413e-004
1.632386494980155e-003	-4.470591e-004
1.638362740877230e-003	-6.047232e-004
1.647306540169235e-003	-9.874095e-004
1.657072165169235e-003	-1.444074e-003
1.663478762841941e-003	-1.665120e-003
1.667097676553930e-003	-1.738499e-003
1.669625457479478e-003	-1.762949e-003
1.671478144237578e-003	-1.765789e-003
1.674637401855720e-003	-1.740030e-003
1.676365209280464e-003	-1.709395e-003
1.678721944028538e-003	-1.648873e-003
1.682539253027499e-003	-1.506641e-003
1.688601119449251e-003	-1.181262e-003
1.697644095061142e-003	-5.425732e-004
1.707409720061142e-003	1.792112e-004
1.713630421439557e-003	5.555723e-004
1.717200205914803e-003	7.183456e-004
1.719699364992218e-003	8.043964e-004
1.721533177387856e-003	8.517811e-004
1.723155232235999e-003	8.821656e-004
1.724758929706696e-003	9.013694e-004
1.726410392847373e-003	9.097999e-004
1.728795409396101e-003	9.017411e-004
1.732657596730839e-003	8.394417e-004
1.738785506025287e-003	6.279721e-004
1.745102096888730e-003	2.991244e-004
1.752095924338254e-003	-1.320041e-004
1.758412489889118e-003	-5.154505e-004
1.764068756481529e-003	-8.043126e-004
1.767498302136817e-003	-9.388245e-004
1.769914888170907e-003	-1.011206e-003
1.771693904766530e-003	-1.051676e-003
1.773352195443043e-003	-1.079225e-003
1.774920540897799e-003	-1.096068e-003
1.776470466316741e-003	-1.103853e-003
1.778893073634438e-003	-1.098475e-003
1.782814843756928e-003	-1.045949e-003
1.789030109814173e-003	-8.646848e-004
1.798247287586256e-003	-4.501177e-004
1.808012912586256e-003	7.528137e-006
1.813896194963304e-003	2.040919e-004
1.817380638917037e-003	2.720551e-004
1.819829704613911e-003	2.942113e-004
1.821630335785410e-003	2.960639e-004
1.823275848045597e-003	2.867111e-004
1.824792698599027e-003	2.686108e-004
1.826422946227790e-003	2.389836e-004
1.828815819071545e-003	1.765796e-004
1.832690465323771e-003	2.958933e-005
1.838836672014232e-003	-3.064740e-004
1.847975986144653e-003	-9.621128e-004
1.857741611144653e-003	-1.690969e-003
1.863777464619325e-003	-2.059571e-003
1.867299914651962e-003	-2.223105e-003
1.869771348519579e-003	-2.310568e-003
1.873221893072993e-003	-2.391742e-003
1.876454410841614e-003	-2.422667e-003
1.878866972765317e-003	-2.417072e-003
1.882772828162252e-003	-2.357599e-003
1.888964797653367e-003	-2.148289e-003
1.898155812518594e-003	-1.652477e-003
1.907921437518594e-003	-1.055830e-003
1.913562531610838e-003	-7.623798e-004
1.917845319427061e-003	-5.926798e-004
1.920232701223042e-003	-5.227408e-004
1.921931556341997e-003	-4.846906e-004
1.923638425877884e-003	-4.566311e-004
1.925992884964070e-003	-4.349563e-004
1.928116328409374e-003	-4.323677e-004
1.931561887510947e-003	-4.615187e-004
1.937069023254866e-003	-5.861486e-004
1.945446044180743e-003	-9.102864e-004
1.955211669180743e-003	-1.346818e-003
1.962601057548507e-003	-1.592409e-003
1.966510537076417e-003	-1.660114e-003
1.969204470987499e-003	-1.675145e-003
1.971165515344224e-003	-1.668449e-003
1.972697906634411e-003	-1.652476e-003
1.974599492728660e-003	-1.619307e-003
1.976351112310291e-003	-1.575597e-003
1.978699021902097e-003	-1.497364e-003
1.982502318139975e-003	-1.324536e-003
1.988543520867213e-003	-9.454543e-004
1.997562687047685e-003	-2.137826e-004
2.007328312047685e-003	6.280780e-004
2.013594043463687e-003	1.092762e-003
2.017175583778600e-003	1.307402e-003
2.019681605878424e-003	1.430571e-003
2.021519949611331e-003	1.505600e-003
2.023138791680894e-003	1.560502e-003
2.024729723004058e-003	1.604058e-003
2.026399534886795e-003	1.638585e-003
2.028777755742593e-003	1.668028e-003
2.032629163416705e-003	1.667870e-003
2.038741228435170e-003	1.557948e-003
2.047841707609611e-003	1.215727e-003
2.057607332609610e-003	7.788271e-004
2.063718215109594e-003	5.630590e-004
2.067259702670722e-003	4.805384e-004
2.069742305069041e-003	4.457488e-004
2.071565171328715e-003	4.333527e-004
2.073194992981015e-003	4.320760e-004
2.074829561864563e-003	4.402741e-004
2.076436649256548e-003	4.576481e-004
2.078838097246649e-003	5.006929e-004
2.082726338568087e-003	6.121677e-004
2.088107716306000e-003	8.421058e-004
2.096103501915068e-003	1.296587e-003
2.105869126915068e-003	1.888805e-003
2.112919733531474e-003	2.225438e-003
2.116722477472097e-003	2.345563e-003
2.119355986975797e-003	2.397563e-003
2.122837736015015e-003	2.423552e-003
2.126306920385758e-003	2.398994e-003
2.128627160133549e-003	2.354327e-003
2.132386494980155e-003	2.235502e-003
2.138362740877231e-003	1.940236e-003
2.147306540169237e-003	1.324266e-003
2.157072165169237e-003	5.843187e-004
2.163478762841942e-003	1.666637e-004
2.167097676553930e-003	-1.999475e-005
2.169625457479478e-003	-1.240941e-004
2.171478144237578e-003	-1.854431e-004
2.173086826281681e-003	-2.280207e-004
2.174637401855721e-003	-2.594508e-004
2.176365209280465e-003	-2.832519e-004
2.178721944028539e-003	-2.966872e-004
2.182539253027499e-003	-2.731268e-004
2.188601119449252e-003	-1.318030e-004
2.197644095061143e-003	2.476014e-004
2.207409720061143e-003	7.186469e-004
2.213630421439558e-003	9.554378e-004
2.217200205914803e-003	1.046249e-003
2.219699364992219e-003	1.085704e-003
2.221533177387857e-003	1.100958e-003
2.223155232236000e-003	1.104414e-003
2.224758929706698e-003	1.098401e-003
2.226410392847373e-003	1.082352e-003
2.228795409396102e-003	1.041659e-003
2.232657596730840e-003	9.334931e-004
2.238785506025289e-003	6.675280e-004
2.245102096888731e-003	3.066950e-004
2.252095924338254e-003	-1.306169e-004
2.258412489889118e-003	-4.931515e-004
2.264068756481530e-003	-7.422070e-004
2.267498302136817e-003	-8.430917e-004
2.269914888170907e-003	-8.875747e-004
2.271693904766530e-003	-9.053280e-004
2.273352195443044e-003	-9.100657e-004
2.274920540897800e-003	-9.039067e-004
2.276470466316741e-003	-8.876164e-004
2.278893073634439e-003	-8.419888e-004
2.282814843756930e-003	-7.177549e-004
2.289030109814176e-003	-4.072455e-004
2.298247287586259e-003	2.303103e-004
2.308012912586259e-003	9.574008e-004
2.313896194963305e-003	1.328587e-003
2.317380638917038e-003	1.503098e-003
2.319829704613912e-003	1.601180e-003
2.321630335785411e-003	1.659277e-003
2.324792698599026e-003	1.731220e-003
2.326422946227790e-003	1.753028e-003
2.328815819071545e-003	1.766213e-003
2.332690465323771e-003	1.741430e-003
2.338836672014232e-003	1.597069e-003
2.347975986144653e-003	1.215773e-003
2.357741611144652e-003	7.560409e-004
2.363777464619324e-003	5.365195e-004
2.367299914651962e-003	4.526477e-004
2.369771348519579e-003	4.175295e-004
2.371586819316633e-003	4.051973e-004
2.373221893072993e-003	4.042111e-004
2.374877345524846e-003	4.131513e-004
2.376454410841614e-003	4.310121e-004
2.378866972765317e-003	4.758164e-004
2.382772828162252e-003	5.914119e-004
2.388964797653367e-003	8.700354e-004
2.398155812518594e-003	1.421247e-003
2.407921437518593e-003	2.010674e-003
2.413562531610838e-003	2.267787e-003
2.417845319427061e-003	2.393972e-003
2.420232701223042e-003	2.433687e-003
2.421931556341996e-003	2.447635e-003
2.423638425877884e-003	2.449317e-003
2.425992884964070e-003	2.431066e-003
2.428116328409373e-003	2.394150e-003
2.431561887510945e-003	2.293925e-003
2.437069023254863e-003	2.038135e-003
2.445446044180739e-003	1.474777e-003
2.455211669180739e-003	7.035423e-004
2.462601057548506e-003	1.692439e-004
2.466510537076415e-003	-6.204409e-005
2.469204470987498e-003	-1.937131e-004
2.471165515344223e-003	-2.737845e-004
2.472697906634410e-003	-3.266383e-004
2.474599492728658e-003	-3.800599e-004
2.476351112310290e-003	-4.172009e-004
2.478699021902097e-003	-4.488615e-004
2.482502318139975e-003	-4.573445e-004
2.488543520867211e-003	-3.730622e-004
2.497562687047683e-003	-9.130342e-005
2.507328312047683e-003	2.606272e-004
2.513594043463686e-003	4.152488e-004
2.517175583778600e-003	4.557341e-004
2.519681605878424e-003	4.587986e-004
2.521519949611331e-003	4.467790e-004
2.523138791680893e-003	4.258378e-004
2.524729723004057e-003	3.956536e-004
2.526399534886795e-003	3.536875e-004
2.528777755742593e-003	2.758950e-004
2.532629163416704e-003	1.067154e-004
2.538741228435168e-003	-2.582141e-004
2.547841707609608e-003	-9.453389e-004
2.557607332609608e-003	-1.698805e-003
2.563718215109593e-003	-2.081274e-003
2.567259702670721e-003	-2.248640e-003
2.569742305069040e-003	-2.337606e-003
2.573194992981015e-003	-2.419228e-003
2.576436649256548e-003	-2.449505e-003
2.578838097246650e-003	-2.442819e-003
2.582726338568088e-003	-2.381088e-003
2.588107716306000e-003	-2.201302e-003
2.596103501915068e-003	-1.781359e-003
2.605869126915068e-003	-1.167872e-003
2.612919733531474e-003	-7.744238e-004
2.616722477472097e-003	-6.100159e-004
2.619355986975798e-003	-5.220088e-004
2.621277863750540e-003	-4.725383e-004
2.622837736015015e-003	-4.419814e-004
2.624480679745425e-003	-4.193227e-004
2.626306920385757e-003	-4.057335e-004
2.628627160133548e-003	-4.060413e-004
2.632386494980154e-003	-4.470591e-004
2.638362740877228e-003	-6.047232e-004
2.647306540169233e-003	-9.874095e-004
2.657072165169233e-003	-1.444074e-003
2.663478762841940e-003	-1.665120e-003
2.667097676553929e-003	-1.738499e-003
2.669625457479477e-003	-1.762949e-003
2.671478144237577e-003	-1.765789e-003
2.674637401855719e-003	-1.740030e-003
2.676365209280464e-003	-1.709395e-003
2.678721944028537e-003	-1.648873e-003
2.682539253027497e-003	-1.506641e-003
2.688601119449248e-003	-1.181262e-003
2.697644095061138e-003	-5.425732e-004
2.707409720061138e-003	1.792112e-004
2.713630421439555e-003	5.555723e-004
2.717200205914802e-003	7.183456e-004
2.719699364992217e-003	8.043964e-004
2.721533177387855e-003	8.517811e-004
2.723155232235998e-003	8.821656e-004
2.724758929706694e-003	9.013694e-004
2.726410392847372e-003	9.097999e-004
2.728795409396100e-003	9.017411e-004
2.732657596730837e-003	8.394417e-004
2.738785506025284e-003	6.279721e-004
2.745102096888730e-003	2.991244e-004
2.752095924338254e-003	-1.320041e-004
2.758412489889118e-003	-5.154505e-004
2.764068756481530e-003	-8.043126e-004
2.767498302136817e-003	-9.388245e-004
2.769914888170907e-003	-1.011206e-003
2.771693904766530e-003	-1.051676e-003
2.773352195443044e-003	-1.079225e-003
2.774920540897799e-003	-1.096068e-003
2.776470466316741e-003	-1.103853e-003
2.778893073634439e-003	-1.098475e-003
2.782814843756929e-003	-1.045949e-003
2.789030109814174e-003	-8.646848e-004
2.798247287586257e-003	-4.501177e-004
2.808012912586257e-003	7.528137e-006
2.813896194963304e-003	2.040919e-004
2.817380638917037e-003	2.720551e-004
2.819829704613911e-003	2.942113e-004
2.821630335785411e-003	2.960639e-004
2.823275848045597e-003	2.867111e-004
2.824792698599026e-003	2.686108e-004
2.826422946227790e-003	2.389836e-004
2.828815819071545e-003	1.765796e-004
2.832690465323771e-003	2.958933e-005
2.838836672014232e-003	-3.064740e-004
2.847975986144653e-003	-9.621128e-004
2.857741611144652e-003	-1.690969e-003
2.863777464619325e-003	-2.059571e-003
2.867299914651962e-003	-2.223105e-003
2.869771348519579e-003	-2.310568e-003
2.873221893072994e-003	-2.391742e-003
2.876454410841614e-003	-2.422667e-003
2.878866972765317e-003	-2.417072e-003
2.882772828162253e-003	-2.357599e-003
2.888964797653369e-003	-2.148289e-003
2.898155812518597e-003	-1.652477e-003
2.907921437518596e-003	-1.055830e-003
2.913562531610843e-003	-7.623798e-004
2.917845319427065e-003	-5.926798e-004
2.920232701223042e-003	-5.227408e-004
2.921931556341996e-003	-4.846906e-004
2.923638425877883e-003	-4.566311e-004
2.925992884964070e-003	-4.349563e-004
2.928116328409373e-003	-4.323677e-004
2.931561887510945e-003	-4.615187e-004
2.937069023254864e-003	-5.861486e-004
2.945446044180741e-003	-9.102864e-004
2.955211669180741e-003	-1.346818e-003
2.962601057548506e-003	-1.592409e-003
2.966510537076416e-003	-1.660114e-003
2.969204470987498e-003	-1.675145e-003
2.971165515344223e-003	-1.668449e-003
2.972697906634410e-003	-1.652476e-003
2.974599492728658e-003	-1.619307e-003
2.976351112310290e-003	-1.575597e-003
2.978699021902097e-003	-1.497364e-003
2.982502318139975e-003	-1.324536e-003
2.988543520867211e-003	-9.454543e-004
2.997562687047683e-003	-2.137826e-004
3.007328312047683e-003	6.280780e-004
3.013594043463686e-003	1.092762e-003
3.017175583778600e-003	1.307402e-003
3.019681605878424e-003	1.430571e-003
3.021519949611331e-003	1.505600e-003
3.023138791680894e-003	1.560502e-003
3.024729723004057e-003	1.604058e-003
3.026399534886795e-003	1.638585e-003
3.028777755742593e-003	1.668028e-003
3.032629163416704e-003	1.667870e-003
3.038741228435169e-003	1.557948e-003
3.047841707609609e-003	1.215727e-003
3.057607332609609e-003	7.788271e-004
3.063718215109593e-003	5.630590e-004
3.067259702670721e-003	4.805384e-004
3.069742305069040e-003	4.457488e-004
3.071565171328715e-003	4.333527e-004
3.073194992981015e-003	4.320760e-004
3.074829561864563e-003	4.402741e-004
3.076436649256548e-003	4.576481e-004
3.078838097246650e-003	5.006929e-004
3.082726338568088e-003	6.121677e-004
3.088107716306000e-003	8.421058e-004
3.096103501915068e-003	1.296587e-003
3.105869126915068e-003	1.888805e-003
3.112919733531474e-003	2.225438e-003
3.116722477472097e-003	2.345563e-003
3.119355986975798e-003	2.397563e-003
3.122837736015015e-003	2.423552e-003
3.126306920385758e-003	2.398994e-003
3.128627160133549e-003	2.354327e-003
3.132386494980155e-003	2.235502e-003
3.138362740877230e-003	1.940236e-003
3.147306540169236e-003	1.324266e-003
3.157072165169235e-003	5.843187e-004
3.163478762841942e-003	1.666637e-004
3.167097676553930e-003	-1.999475e-005
3.169625457479478e-003	-1.240941e-004
3.171478144237578e-003	-1.854431e-004
3.173086826281680e-003	-2.280207e-004
3.174637401855720e-003	-2.594508e-004
3.176365209280464e-003	-2.832519e-004
3.178721944028538e-003	-2.966872e-004
3.182539253027498e-003	-2.731268e-004
3.188601119449250e-003	-1.318030e-004
3.197644095061141e-003	2.476014e-004
3.207409720061141e-003	7.186469e-004
3.213630421439557e-003	9.554378e-004
3.217200205914803e-003	1.046249e-003
3.219699364992218e-003	1.085704e-003
3.221533177387857e-003	1.100958e-003
3.223155232236000e-003	1.104414e-003
3.224758929706697e-003	1.098401e-003
3.226410392847373e-003	1.082352e-003
3.228795409396102e-003	1.041659e-003
3.232657596730840e-003	9.334931e-004
3.238785506025289e-003	6.675280e-004
3.245102096888731e-003	3.066950e-004
3.252095924338255e-003	-1.306169e-004
3.258412489889119e-003	-4.931515e-004
3.264068756481530e-003	-7.422070e-004
3.267498302136817e-003	-8.430917e-004
3.269914888170907e-003	-8.875747e-004
3.271693904766530e-003	-9.053280e-004
3.273352195443043e-003	-9.100657e-004
3.274920540897798e-003	-9.039067e-004
3.276470466316741e-003	-8.876164e-004
3.278893073634439e-003	-8.419888e-004
3.282814843756928e-003	-7.177549e-004
3.289030109814174e-003	-4.072455e-004
3.298247287586256e-003	2.303103e-004
3.308012912586256e-003	9.574008e-004
3.313896194963304e-003	1.328587e-003
3.317380638917037e-003	1.503098e-003
3.319829704613912e-003	1.601180e-003
3.321630335785411e-003	1.659277e-003
3.324792698599026e-003	1.731220e-003
3.326422946227790e-003	1.753028e-003
3.328815819071545e-003	1.766213e-003
3.332690465323771e-003	1.741430e-003
3.338836672014233e-003	1.597069e-003
3.347975986144654e-003	1.215773e-003
3.357741611144654e-003	7.560409e-004
3.363777464619325e-003	5.365195e-004
3.367299914651963e-003	4.526477e-004
3.369771348519579e-003	4.175295e-004
3.371586819316633e-003	4.051973e-004
3.373221893072994e-003	4.042111e-004
3.374877345524847e-003	4.131513e-004
3.376454410841614e-003	4.310121e-004
3.378866972765317e-003	4.758164e-004
3.382772828162253e-003	5.914119e-004
3.388964797653368e-003	8.700354e-004
3.398155812518595e-003	1.421247e-003
3.407921437518595e-003	2.010674e-003
3.413562531610840e-003	2.267787e-003
3.417845319427063e-003	2.393972e-003
3.420232701223042e-003	2.433687e-003
3.421931556341996e-003	2.447635e-003
3.423638425877884e-003	2.449317e-003
3.425992884964070e-003	2.431066e-003
3.428116328409374e-003	2.394150e-003
3.431561887510946e-003	2.293925e-003
3.437069023254866e-003	2.038135e-003
3.445446044180742e-003	1.474777e-003
3.455211669180742e-003	7.035423e-004
3.462601057548507e-003	1.692439e-004
3.466510537076417e-003	-6.204409e-005
3.469204470987499e-003	-1.937131e-004
3.471165515344224e-003	-2.737845e-004
3.472697906634411e-003	-3.266383e-004
3.474599492728660e-003	-3.800599e-004
3.476351112310291e-003	-4.172009e-004
3.478699021902098e-003	-4.488615e-004
3.482502318139976e-003	-4.573445e-004
3.488543520867214e-003	-3.730622e-004
3.497562687047687e-003	-9.130342e-005
3.507328312047686e-003	2.606272e-004
3.513594043463688e-003	4.152488e-004
3.517175583778601e-003	4.557341e-004
3.519681605878425e-003	4.587986e-004
3.521519949611332e-003	4.467790e-004
3.523138791680895e-003	4.258378e-004
3.524729723004059e-003	3.956536e-004
3.526399534886796e-003	3.536875e-004
3.528777755742594e-003	2.758950e-004
3.532629163416707e-003	1.067154e-004
3.538741228435173e-003	-2.582141e-004
3.547841707609615e-003	-9.453389e-004
3.557607332609615e-003	-1.698805e-003
3.563718215109596e-003	-2.081274e-003
3.567259702670723e-003	-2.248640e-003
3.569742305069042e-003	-2.337606e-003
3.573194992981016e-003	-2.419228e-003
3.576436649256549e-003	-2.449505e-003
3.578838097246651e-003	-2.442819e-003
3.582726338568091e-003	-2.381088e-003
3.588107716306001e-003	-2.201302e-003
3.596103501915071e-003	-1.781359e-003
3.605869126915070e-003	-1.167872e-003
3.612919733531475e-003	-7.744238e-004
3.616722477472098e-003	-6.100159e-004
3.619355986975798e-003	-5.220088e-004
3.621277863750541e-003	-4.725383e-004
3.622837736015016e-003	-4.419814e-004
3.624480679745425e-003	-4.193227e-004
3.626306920385757e-003	-4.057335e-004
3.628627160133549e-003	-4.060413e-004
3.632386494980155e-003	-4.470591e-004
3.638362740877229e-003	-6.047232e-004
3.647306540169235e-003	-9.874095e-004
3.657072165169235e-003	-1.444074e-003
3.663478762841941e-003	-1.665120e-003
3.667097676553930e-003	-1.738499e-003
3.669625457479478e-003	-1.762949e-003
3.671478144237578e-003	-1.765789e-003
3.674637401855721e-003	-1.740030e-003
3.676365209280464e-003	-1.709395e-003
3.678721944028538e-003	-1.648873e-003
3.682539253027499e-003	-1.506641e-003
3.688601119449251e-003	-1.181262e-003
3.697644095061143e-003	-5.425732e-004
3.707409720061143e-003	1.792112e-004
3.713630421439558e-003	5.555723e-004
3.717200205914803e-003	7.183456e-004
3.719699364992219e-003	8.043964e-004
3.721533177387857e-003	8.517811e-004
3.723155232236000e-003	8.821656e-004
3.724758929706698e-003	9.013694e-004
3.726410392847373e-003	9.097999e-004
3.728795409396102e-003	9.017411e-004
3.732657596730841e-003	8.394417e-004
3.738785506025290e-003	6.279721e-004
3.745102096888731e-003	2.991244e-004
3.752095924338255e-003	-1.320041e-004
3.758412489889120e-003	-5.154505e-004
3.764068756481530e-003	-8.043126e-004
3.767498302136818e-003	-9.388245e-004
3.769914888170907e-003	-1.011206e-003
3.771693904766530e-003	-1.051676e-003
3.773352195443044e-003	-1.079225e-003
3.774920540897800e-003	-1.096068e-003
3.776470466316741e-003	-1.103853e-003
3.778893073634439e-003	-1.098475e-003
3.782814843756930e-003	-1.045949e-003
3.789030109814175e-003	-8.646848e-004
3.798247287586259e-003	-4.501177e-004
3.808012912586259e-003	7.528137e-006
3.813896194963305e-003	2.040919e-004
3.817380638917037e-003	2.720551e-004
3.819829704613912e-003	2.942113e-004
3.821630335785411e-003	2.960639e-004
3.823275848045597e-003	2.867111e-004
3.824792698599027e-003	2.686108e-004
3.826422946227790e-003	2.389836e-004
3.828815819071546e-003	1.765796e-004
3.832690465323772e-003	2.958933e-005
3.838836672014235e-003	-3.064740e-004
3.847975986144657e-003	-9.621128e-004
3.857741611144657e-003	-1.690969e-003
3.863777464619327e-003	-2.059571e-003
3.867299914651963e-003	-2.223105e-003
3.869771348519580e-003	-2.310568e-003
3.873221893072994e-003	-2.391742e-003
3.876454410841615e-003	-2.422667e-003
3.878866972765318e-003	-2.417072e-003
3.882772828162254e-003	-2.357599e-003
3.888964797653370e-003	-2.148289e-003
3.898155812518598e-003	-1.652477e-003
3.907921437518598e-003	-1.055830e-003
3.913562531610845e-003	-7.623798e-004
3.917845319427066e-003	-5.926798e-004
3.920232701223042e-003	-5.227408e-004
3.921931556341996e-003	-4.846906e-004
3.923638425877883e-003	-4.566311e-004
3.925992884964070e-003	-4.349563e-004
3.928116328409373e-003	-4.323677e-004
3.931561887510946e-003	-4.615187e-004
3.937069023254865e-003	-5.861486e-004
3.945446044180742e-003	-9.102864e-004
3.955211669180741e-003	-1.346818e-003
3.962601057548506e-003	-1.592409e-003
3.966510537076416e-003	-1.660114e-003
3.969204470987499e-003	-1.675145e-003
3.971165515344224e-003	-1.668449e-003
3.972697906634411e-003	-1.652476e-003
3.974599492728660e-003	-1.619307e-003
3.976351112310291e-003	-1.575597e-003
3.978699021902098e-003	-1.497364e-003
3.982502318139976e-003	-1.324536e-003
3.988543520867214e-003	-9.454543e-004
3.997562687047686e-003	-2.137826e-004
4.007328312047686e-003	6.280780e-004
4.013594043463688e-003	1.092762e-003
4.017175583778601e-003	1.307402e-003
4.019681605878425e-003	1.430571e-003
4.021519949611332e-003	1.505600e-003
4.023138791680894e-003	1.560502e-003
4.024729723004058e-003	1.604058e-003
4.026399534886795e-003	1.638585e-003
4.028777755742593e-003	1.668028e-003
4.032629163416706e-003	1.667870e-003
4.038741228435170e-003	1.557948e-003
4.047841707609612e-003	1.215727e-003
4.057607332609611e-003	7.788271e-004
4.063718215109594e-003	5.630590e-004
4.067259702670722e-003	4.805384e-004
4.069742305069041e-003	4.457488e-004
4.071565171328714e-003	4.333527e-004
4.073194992981014e-003	4.320760e-004
4.074829561864562e-003	4.402741e-004
4.076436649256548e-003	4.576481e-004
4.078838097246650e-003	5.006929e-004
4.082726338568088e-003	6.121677e-004
4.088107716306000e-003	8.421058e-004
4.096103501915069e-003	1.296587e-003
4.105869126915069e-003	1.888805e-003
4.112919733531474e-003	2.225438e-003
4.116722477472096e-003	2.345563e-003
4.119355986975797e-003	2.397563e-003
4.122837736015015e-003	2.423552e-003
4.126306920385758e-003	2.398994e-003
4.128627160133549e-003	2.354327e-003
4.132386494980155e-003	2.235502e-003
4.138362740877230e-003	1.940236e-003
4.147306540169236e-003	1.324266e-003
4.157072165169235e-003	5.843187e-004
4.163478762841942e-003	1.666637e-004
4.167097676553930e-003	-1.999475e-005
4.169625457479478e-003	-1.240941e-004
4.171478144237578e-003	-1.854431e-004
4.173086826281681e-003	-2.280207e-004
4.174637401855722e-003	-2.594508e-004
4.176365209280465e-003	-2.832519e-004
4.178721944028539e-003	-2.966872e-004
4.182539253027501e-003	-2.731268e-004
4.188601119449254e-003	-1.318030e-004
4.197644095061147e-003	2.476014e-004
4.207409720061147e-003	7.186469e-004
4.213630421439560e-003	9.554378e-004
4.217200205914805e-003	1.046249e-003
4.219699364992220e-003	1.085704e-003
4.221533177387857e-003	1.100958e-003
4.223155232236001e-003	1.104414e-003
4.224758929706699e-003	1.098401e-003
4.226410392847373e-003	1.082352e-003
4.228795409396102e-003	1.041659e-003
4.232657596730840e-003	9.334931e-004
4.238785506025289e-003	6.675280e-004
4.245102096888730e-003	3.066950e-004
4.252095924338254e-003	-1.306169e-004
4.258412489889117e-003	-4.931515e-004
4.264068756481530e-003	-7.422070e-004
4.267498302136817e-003	-8.430917e-004
4.269914888170907e-003	-8.875747e-004
4.271693904766530e-003	-9.053280e-004
4.273352195443043e-003	-9.100657e-004
4.274920540897799e-003	-9.039067e-004
4.276470466316741e-003	-8.876164e-004
4.278893073634440e-003	-8.419888e-004
4.282814843756929e-003	-7.177549e-004
4.289030109814175e-003	-4.072455e-004
4.298247287586259e-003	2.303103e-004
4.308012912586259e-003	9.574008e-004
4.313896194963305e-003	1.328587e-003
4.317380638917037e-003	1.503098e-003
4.319829704613911e-003	1.601180e-003
4.321630335785411e-003	1.659277e-003
4.324792698599027e-003	1.731220e-003
4.326422946227790e-003	1.753028e-003
4.328815819071545e-003	1.766213e-003
4.332690465323770e-003	1.741430e-003
4.338836672014231e-003	1.597069e-003
4.347975986144652e-003	1.215773e-003
4.357741611144651e-003	7.560409e-004
4.363777464619324e-003	5.365195e-004
4.367299914651962e-003	4.526477e-004
4.369771348519578e-003	4.175295e-004
4.371586819316632e-003	4.051973e-004
4.373221893072992e-003	4.042111e-004
4.374877345524844e-003	4.131513e-004
4.376454410841613e-003	4.310121e-004
4.378866972765316e-003	4.758164e-004
4.382772828162251e-003	5.914119e-004
4.388964797653365e-003	8.700354e-004
4.398155812518591e-003	1.421247e-003
4.407921437518590e-003	2.010674e-003
4.413562531610833e-003	2.267787e-003
4.417845319427057e-003	2.393972e-003
4.420232701223042e-003	2.433687e-003
4.421931556341996e-003	2.447635e-003
4.423638425877884e-003	2.449317e-003
4.425992884964070e-003	2.431066e-003
4.428116328409374e-003	2.394150e-003
4.431561887510946e-003	2.293925e-003
4.437069023254865e-003	2.038135e-003
4.445446044180742e-003	1.474777e-003
4.455211669180742e-003	7.035423e-004
4.462601057548507e-003	1.692439e-004
4.466510537076416e-003	-6.204409e-005
4.469204470987499e-003	-1.937131e-004
4.471165515344223e-003	-2.737845e-004
4.472697906634409e-003	-3.266383e-004
4.474599492728658e-003	-3.800599e-004
4.476351112310290e-003	-4.172009e-004
4.478699021902096e-003	-4.488615e-004
4.482502318139972e-003	-4.573445e-004
4.488543520867207e-003	-3.730622e-004
4.497562687047677e-003	-9.130342e-005
4.507328312047676e-003	2.606272e-004
4.513594043463684e-003	4.152488e-004
4.517175583778598e-003	4.557341e-004
4.519681605878422e-003	4.587986e-004
4.521519949611330e-003	4.467790e-004
4.523138791680894e-003	4.258378e-004
4.524729723004058e-003	3.956536e-004
4.526399534886796e-003	3.536875e-004
4.528777755742595e-003	2.758950e-004
4.532629163416708e-003	1.067154e-004
4.538741228435174e-003	-2.582141e-004
4.547841707609616e-003	-9.453389e-004
4.557607332609616e-003	-1.698805e-003
4.563718215109597e-003	-2.081274e-003
4.567259702670723e-003	-2.248640e-003
4.569742305069041e-003	-2.337606e-003
4.573194992981016e-003	-2.419228e-003
4.576436649256549e-003	-2.449505e-003
4.578838097246651e-003	-2.442819e-003
4.582726338568090e-003	-2.381088e-003
4.588107716306001e-003	-2.201302e-003
4.596103501915070e-003	-1.781359e-003
4.605869126915070e-003	-1.167872e-003
4.612919733531475e-003	-7.744238e-004
4.616722477472098e-003	-6.100159e-004
4.619355986975798e-003	-5.220088e-004
4.621277863750541e-003	-4.725383e-004
4.622837736015016e-003	-4.419814e-004
4.624480679745424e-003	-4.193227e-004
4.626306920385757e-003	-4.057335e-004
4.628627160133549e-003	-4.060413e-004
4.632386494980155e-003	-4.470591e-004
4.638362740877229e-003	-6.047232e-004
4.647306540169235e-003	-9.874095e-004
4.657072165169235e-003	-1.444074e-003
4.663478762841941e-003	-1.665120e-003
4.667097676553930e-003	-1.738499e-003
4.669625457479477e-003	-1.762949e-003
4.671478144237577e-003	-1.765789e-003
4.674637401855721e-003	-1.740030e-003
4.676365209280465e-003	-1.709395e-003
4.678721944028539e-003	-1.648873e-003
4.682539253027499e-003	-1.506641e-003
4.688601119449252e-003	-1.181262e-003
4.697644095061145e-003	-5.425732e-004
4.707409720061145e-003	1.792112e-004
4.713630421439559e-003	5.555723e-004
4.717200205914804e-003	7.183456e-004
4.719699364992219e-003	8.043964e-004
4.721533177387857e-003	8.517811e-004
4.723155232236000e-003	8.821656e-004
4.724758929706698e-003	9.013694e-004
4.726410392847373e-003	9.097999e-004
4.728795409396101e-003	9.017411e-004
4.732657596730840e-003	8.394417e-004
4.738785506025287e-003	6.279721e-004
4.745102096888731e-003	2.991244e-004
4.752095924338255e-003	-1.320041e-004
4.758412489889119e-003	-5.154505e-004
4.764068756481530e-003	-8.043126e-004
4.767498302136818e-003	-9.388245e-004
4.769914888170908e-003	-1.011206e-003
4.771693904766530e-003	-1.051676e-003
4.773352195443042e-003	-1.079225e-003
4.774920540897796e-003	-1.096068e-003
4.776470466316740e-003	-1.103853e-003
4.778893073634437e-003	-1.098475e-003
4.782814843756926e-003	-1.045949e-003
4.789030109814170e-003	-8.646848e-004
4.798247287586251e-003	-4.501177e-004
4.808012912586251e-003	7.528137e-006
4.813896194963301e-003	2.040919e-004
4.817380638917035e-003	2.720551e-004
4.819829704613910e-003	2.942113e-004
4.821630335785409e-003	2.960639e-004
4.823275848045596e-003	2.867111e-004
4.824792698599026e-003	2.686108e-004
4.826422946227790e-003	2.389836e-004
4.828815819071546e-003	1.765796e-004
4.832690465323772e-003	2.958933e-005
4.838836672014235e-003	-3.064740e-004
4.847975986144657e-003	-9.621128e-004
4.857741611144657e-003	-1.690969e-003
4.863777464619327e-003	-2.059571e-003
4.867299914651963e-003	-2.223105e-003
4.869771348519580e-003	-2.310568e-003
4.873221893072994e-003	-2.391742e-003
4.876454410841614e-003	-2.422667e-003
4.878866972765317e-003	-2.417072e-003
4.882772828162253e-003	-2.357599e-003
4.888964797653368e-003	-2.148289e-003
4.898155812518595e-003	-1.652477e-003
4.907921437518594e-003	-1.055830e-003
4.913562531610840e-003	-7.623798e-004
4.917845319427064e-003	-5.926798e-004
4.920232701223042e-003	-5.227408e-004
4.921931556341996e-003	-4.846906e-004
4.923638425877884e-003	-4.566311e-004
4.925992884964071e-003	-4.349563e-004
4.928116328409374e-003	-4.323677e-004
4.931561887510947e-003	-4.615187e-004
4.937069023254866e-003	-5.861486e-004
4.945446044180744e-003	-9.102864e-004
4.955211669180744e-003	-1.346818e-003
4.962601057548508e-003	-1.592409e-003
4.966510537076418e-003	-1.660114e-003
4.969204470987500e-003	-1.675145e-003
4.971165515344224e-003	-1.668449e-003
4.972697906634412e-003	-1.652476e-003
4.974599492728661e-003	-1.619307e-003
4.976351112310291e-003	-1.575597e-003
4.978699021902098e-003	-1.497364e-003
4.982502318139976e-003	-1.324536e-003
4.988543520867214e-003	-9.454543e-004
4.997562687047687e-003	-2.137826e-004
5.007328312047686e-003	6.280780e-004
5.013594043463688e-003	1.092762e-003
5.017175583778601e-003	1.307402e-003
5.019681605878425e-003	1.430571e-003
5.021519949611332e-003	1.505600e-003
5.023138791680895e-003	1.560502e-003
5.024729723004059e-003	1.604058e-003
5.026399534886795e-003	1.638585e-003
5.028777755742593e-003	1.668028e-003
5.032629163416705e-003	1.667870e-003
5.038741228435169e-003	1.557948e-003
5.047841707609610e-003	1.215727e-003
5.057607332609610e-003	7.788271e-004
5.063718215109594e-003	5.630590e-004
5.067259702670721e-003	4.805384e-004
5.069742305069041e-003	4.457488e-004
5.071565171328714e-003	4.333527e-004
5.073194992981015e-003	4.320760e-004
5.074829561864562e-003	4.402741e-004
5.076436649256548e-003	4.576481e-004
5.078838097246650e-003	5.006929e-004
5.082726338568088e-003	6.121677e-004
5.088107716306000e-003	8.421058e-004
5.096103501915067e-003	1.296587e-003
5.105869126915067e-003	1.888805e-003
5.112919733531474e-003	2.225438e-003
5.116722477472096e-003	2.345563e-003
5.119355986975798e-003	2.397563e-003
5.122837736015015e-003	2.423552e-003
5.126306920385758e-003	2.398994e-003
5.128627160133549e-003	2.354327e-003
5.132386494980155e-003	2.235502e-003
5.138362740877230e-003	1.940236e-003
5.147306540169236e-003	1.324266e-003
5.157072165169236e-003	5.843187e-004
5.163478762841942e-003	1.666637e-004
5.167097676553930e-003	-1.999475e-005
5.169625457479477e-003	-1.240941e-004
5.171478144237578e-003	-1.854431e-004
5.173086826281681e-003	-2.280207e-004
5.174637401855722e-003	-2.594508e-004
5.176365209280465e-003	-2.832519e-004
5.178721944028539e-003	-2.966872e-004
5.182539253027501e-003	-2.731268e-004
5.188601119449254e-003	-1.318030e-004
5.197644095061146e-003	2.476014e-004
5.207409720061146e-003	7.186469e-004
5.213630421439559e-003	9.554378e-004
5.217200205914804e-003	1.046249e-003
5.219699364992219e-003	1.085704e-003
5.221533177387857e-003	1.100958e-003
5.223155232236001e-003	1.104414e-003
5.224758929706699e-003	1.098401e-003
5.226410392847374e-003	1.082352e-003
5.228795409396103e-003	1.041659e-003
5.232657596730842e-003	9.334931e-004
5.238785506025291e-003	6.675280e-004
5.245102096888731e-003	3.066950e-004
5.252095924338255e-003	-1.306169e-004
5.258412489889120e-003	-4.931515e-004
5.264068756481530e-003	-7.422070e-004
5.267498302136817e-003	-8.430917e-004
5.269914888170906e-003	-8.875747e-004
5.271693904766529e-003	-9.053280e-004
5.273352195443043e-003	-9.100657e-004
5.274920540897798e-003	-9.039067e-004
5.276470466316741e-003	-8.876164e-004
5.278893073634438e-003	-8.419888e-004
5.282814843756927e-003	-7.177549e-004
5.289030109814173e-003	-4.072455e-004
5.298247287586255e-003	2.303103e-004
5.308012912586255e-003	9.574008e-004
5.313896194963304e-003	1.328587e-003
5.317380638917037e-003	1.503098e-003
5.319829704613911e-003	1.601180e-003
5.321630335785411e-003	1.659277e-003
5.324792698599027e-003	1.731220e-003
5.326422946227790e-003	1.753028e-003
5.328815819071546e-003	1.766213e-003
5.332690465323771e-003	1.741430e-003
5.338836672014233e-003	1.597069e-003
5.347975986144653e-003	1.215773e-003
5.357741611144653e-003	7.560409e-004
5.363777464619325e-003	5.365195e-004
5.367299914651962e-003	4.526477e-004
5.369771348519579e-003	4.175295e-004
5.371586819316633e-003	4.051973e-004
5.373221893072993e-003	4.042111e-004
5.374877345524846e-003	4.131513e-004
5.376454410841614e-003	4.310121e-004
5.378866972765318e-003	4.758164e-004
5.382772828162253e-003	5.914119e-004
5.388964797653368e-003	8.700354e-004
5.398155812518595e-003	1.421247e-003
5.407921437518595e-003	2.010674e-003
5.413562531610840e-003	2.267787e-003
5.417845319427062e-003	2.393972e-003
5.420232701223042e-003	2.433687e-003
5.421931556341996e-003	2.447635e-003
5.423638425877883e-003	2.449317e-003
5.425992884964070e-003	2.431066e-003
5.428116328409373e-003	2.394150e-003
5.431561887510946e-003	2.293925e-003
5.437069023254864e-003	2.038135e-003
5.445446044180740e-003	1.474777e-003
5.455211669180740e-003	7.035423e-004
5.462601057548506e-003	1.692439e-004
5.466510537076416e-003	-6.204409e-005
5.469204470987499e-003	-1.937131e-004
5.471165515344224e-003	-2.737845e-004
5.472697906634411e-003	-3.266383e-004
5.474599492728659e-003	-3.800599e-004
5.476351112310291e-003	-4.172009e-004
5.478699021902098e-003	-4.488615e-004
5.482502318139976e-003	-4.573445e-004
5.488543520867214e-003	-3.730622e-004
5.497562687047687e-003	-9.130342e-005
5.507328312047687e-003	2.606272e-004
5.513594043463689e-003	4.152488e-004
5.517175583778601e-003	4.557341e-004
5.519681605878425e-003	4.587986e-004
5.521519949611332e-003	4.467790e-004
5.523138791680896e-003	4.258378e-004
5.524729723004059e-003	3.956536e-004
5.526399534886796e-003	3.536875e-004
5.528777755742595e-003	2.758950e-004
5.532629163416708e-003	1.067154e-004
5.538741228435174e-003	-2.582141e-004
5.547841707609617e-003	-9.453389e-004
5.557607332609617e-003	-1.698805e-003
5.563718215109597e-003	-2.081274e-003
5.567259702670723e-003	-2.248640e-003
5.569742305069043e-003	-2.337606e-003
5.573194992981018e-003	-2.419228e-003
5.576436649256550e-003	-2.449505e-003
5.578838097246653e-003	-2.442819e-003
5.582726338568093e-003	-2.381088e-003
5.588107716306002e-003	-2.201302e-003
5.596103501915071e-003	-1.781359e-003
5.605869126915071e-003	-1.167872e-003
5.612919733531475e-003	-7.744238e-004
5.616722477472098e-003	-6.100159e-004
5.619355986975798e-003	-5.220088e-004
5.621277863750540e-003	-4.725383e-004
5.622837736015015e-003	-4.419814e-004
5.624480679745424e-003	-4.193227e-004
5.626306920385757e-003	-4.057335e-004
5.628627160133549e-003	-4.060413e-004
5.632386494980155e-003	-4.470591e-004
5.638362740877229e-003	-6.047232e-004
5.647306540169235e-003	-9.874095e-004
5.657072165169235e-003	-1.444074e-003
5.663478762841942e-003	-1.665120e-003
5.667097676553930e-003	-1.738499e-003
5.669625457479477e-003	-1.762949e-003
5.671478144237578e-003	-1.765789e-003
5.674637401855721e-003	-1.740030e-003
5.676365209280465e-003	-1.709395e-003
5.678721944028539e-003	-1.648873e-003
5.682539253027500e-003	-1.506641e-003
5.688601119449251e-003	-1.181262e-003
5.697644095061143e-003	-5.425732e-004
5.707409720061143e-003	1.792112e-004
5.713630421439558e-003	5.555723e-004
5.717200205914803e-003	7.183456e-004
5.719699364992219e-003	8.043964e-004
5.721533177387856e-003	8.517811e-004
5.723155232235999e-003	8.821656e-004
5.724758929706696e-003	9.013694e-004
5.726410392847372e-003	9.097999e-004
5.728795409396100e-003	9.017411e-004
5.732657596730839e-003	8.394417e-004
5.738785506025287e-003	6.279721e-004
5.745102096888731e-003	2.991244e-004
5.752095924338255e-003	-1.320041e-004
5.758412489889120e-003	-5.154505e-004
5.764068756481530e-003	-8.043126e-004
5.767498302136818e-003	-9.388245e-004
5.769914888170908e-003	-1.011206e-003
5.771693904766530e-003	-1.051676e-003
5.773352195443042e-003	-1.079225e-003
5.774920540897796e-003	-1.096068e-003
5.776470466316740e-003	-1.103853e-003
5.778893073634437e-003	-1.098475e-003
5.782814843756926e-003	-1.045949e-003
5.789030109814171e-003	-8.646848e-004
5.798247287586252e-003	-4.501177e-004
5.808012912586252e-003	7.528137e-006
5.813896194963302e-003	2.040919e-004
5.817380638917035e-003	2.720551e-004
5.819829704613910e-003	2.942113e-004
5.821630335785409e-003	2.960639e-004
5.823275848045595e-003	2.867111e-004
5.824792698599027e-003	2.686108e-004
5.826422946227790e-003	2.389836e-004
5.828815819071545e-003	1.765796e-004
5.832690465323771e-003	2.958933e-005
5.838836672014233e-003	-3.064740e-004
5.847975986144653e-003	-9.621128e-004
5.857741611144653e-003	-1.690969e-003
5.863777464619325e-003	-2.059571e-003
5.867299914651962e-003	-2.223105e-003
5.869771348519579e-003	-2.310568e-003
5.873221893072995e-003	-2.391742e-003
5.876454410841615e-003	-2.422667e-003
5.878866972765318e-003	-2.417072e-003
5.882772828162254e-003	-2.357599e-003
5.888964797653370e-003	-2.148289e-003
5.898155812518597e-003	-1.652477e-003
5.907921437518597e-003	-1.055830e-003
5.913562531610843e-003	-7.623798e-004
5.917845319427065e-003	-5.926798e-004
5.920232701223042e-003	-5.227408e-004
5.921931556341997e-003	-4.846906e-004
5.923638425877885e-003	-4.566311e-004
5.925992884964071e-003	-4.349563e-004
5.928116328409374e-003	-4.323677e-004
5.931561887510947e-003	-4.615187e-004
5.937069023254867e-003	-5.861486e-004
5.945446044180744e-003	-9.102864e-004
5.955211669180744e-003	-1.346818e-003
5.962601057548508e-003	-1.592409e-003
5.966510537076417e-003	-1.660114e-003
5.969204470987499e-003	-1.675145e-003
5.971165515344224e-003	-1.668449e-003
5.972697906634411e-003	-1.652476e-003
5.974599492728660e-003	-1.619307e-003
5.976351112310291e-003	-1.575597e-003
5.978699021902098e-003	-1.497364e-003
5.982502318139976e-003	-1.324536e-003
5.988543520867214e-003	-9.454543e-004
5.997562687047686e-003	-2.137826e-004
6.007328312047686e-003	6.280780e-004
6.013594043463688e-003	1.092762e-003
6.017175583778602e-003	1.307402e-003
6.019681605878425e-003	1.430571e-003
6.021519949611331e-003	1.505600e-003
6.023138791680894e-003	1.560502e-003
6.024729723004058e-003	1.604058e-003
6.026399534886795e-003	1.638585e-003
6.028777755742593e-003	1.668028e-003
6.032629163416705e-003	1.667870e-003
6.038741228435170e-003	1.557948e-003
6.047841707609610e-003	1.215727e-003
6.057607332609610e-003	7.788271e-004
6.063718215109594e-003	5.630590e-004
6.067259702670721e-003	4.805384e-004
6.069742305069040e-003	4.457488e-004
6.071565171328714e-003	4.333527e-004
6.073194992981015e-003	4.320760e-004
6.074829561864563e-003	4.402741e-004
6.076436649256549e-003	4.576481e-004
6.078838097246650e-003	5.006929e-004
6.082726338568090e-003	6.121677e-004
6.088107716306001e-003	8.421058e-004
6.096103501915071e-003	1.296587e-003
6.105869126915070e-003	1.888805e-003
6.112919733531476e-003	2.225438e-003
6.116722477472098e-003	2.345563e-003
6.119355986975799e-003	2.397563e-003
6.122837736015017e-003	2.423552e-003
6.126306920385758e-003	2.398994e-003
6.128627160133549e-003	2.354327e-003
6.132386494980155e-003	2.235502e-003
6.138362740877230e-003	1.940236e-003
6.147306540169236e-003	1.324266e-003
6.157072165169236e-003	5.843187e-004
6.163478762841942e-003	1.666637e-004
6.167097676553930e-003	-1.999475e-005
6.169625457479477e-003	-1.240941e-004
6.171478144237577e-003	-1.854431e-004
6.173086826281680e-003	-2.280207e-004
6.174637401855720e-003	-2.594508e-004
6.176365209280464e-003	-2.832519e-004
6.178721944028538e-003	-2.966872e-004
6.182539253027499e-003	-2.731268e-004
6.188601119449251e-003	-1.318030e-004
6.197644095061143e-003	2.476014e-004
6.207409720061142e-003	7.186469e-004
6.213630421439558e-003	9.554378e-004
6.217200205914803e-003	1.046249e-003
6.219699364992218e-003	1.085704e-003
6.221533177387856e-003	1.100958e-003
6.223155232235999e-003	1.104414e-003
6.224758929706697e-003	1.098401e-003
6.226410392847373e-003	1.082352e-003
6.228795409396101e-003	1.041659e-003
6.232657596730838e-003	9.334931e-004
6.238785506025286e-003	6.675280e-004
6.245102096888730e-003	3.066950e-004
6.252095924338254e-003	-1.306169e-004
6.258412489889118e-003	-4.931515e-004
6.264068756481530e-003	-7.422070e-004
6.267498302136817e-003	-8.430917e-004
6.269914888170906e-003	-8.875747e-004
6.271693904766529e-003	-9.053280e-004
6.273352195443042e-003	-9.100657e-004
6.274920540897797e-003	-9.039067e-004
6.276470466316741e-003	-8.876164e-004
6.278893073634437e-003	-8.419888e-004
6.282814843756925e-003	-7.177549e-004
6.289030109814168e-003	-4.072455e-004
6.298247287586249e-003	2.303103e-004
6.308012912586249e-003	9.574008e-004
6.313896194963301e-003	1.328587e-003
6.317380638917034e-003	1.503098e-003
6.319829704613909e-003	1.601180e-003
6.321630335785409e-003	1.659277e-003
6.324792698599026e-003	1.731220e-003
6.326422946227790e-003	1.753028e-003
6.328815819071545e-003	1.766213e-003
6.332690465323770e-003	1.741430e-003
6.338836672014231e-003	1.597069e-003
6.347975986144651e-003	1.215773e-003
6.357741611144651e-003	7.560409e-004
6.363777464619324e-003	5.365195e-004
6.367299914651962e-003	4.526477e-004
6.369771348519578e-003	4.175295e-004
6.371586819316633e-003	4.051973e-004
6.373221893072994e-003	4.042111e-004
6.374877345524849e-003	4.131513e-004
6.376454410841615e-003	4.310121e-004
6.378866972765318e-003	4.758164e-004
6.382772828162255e-003	5.914119e-004
6.388964797653372e-003	8.700354e-004
6.398155812518600e-003	1.421247e-003
6.407921437518600e-003	2.010674e-003
6.413562531610849e-003	2.267787e-003
6.417845319427069e-003	2.393972e-003
6.420232701223041e-003	2.433687e-003
6.421931556341996e-003	2.447635e-003
6.423638425877882e-003	2.449317e-003
6.425992884964068e-003	2.431066e-003
6.428116328409371e-003	2.394150e-003
6.431561887510942e-003	2.293925e-003
6.437069023254859e-003	2.038135e-003
6.445446044180733e-003	1.474777e-003
6.455211669180733e-003	7.035423e-004
6.462601057548503e-003	1.692439e-004
6.466510537076413e-003	-6.204409e-005
6.469204470987497e-003	-1.937131e-004
6.471165515344222e-003	-2.737845e-004
6.472697906634408e-003	-3.266383e-004
6.474599492728656e-003	-3.800599e-004
6.476351112310290e-003	-4.172009e-004
6.478699021902095e-003	-4.488615e-004
6.482502318139971e-003	-4.573445e-004
6.488543520867206e-003	-3.730622e-004
6.497562687047676e-003	-9.130342e-005
6.507328312047676e-003	2.606272e-004
6.513594043463683e-003	4.152488e-004
6.517175583778598e-003	4.557341e-004
6.519681605878422e-003	4.587986e-004
6.521519949611331e-003	4.467790e-004
6.523138791680892e-003	4.258378e-004
6.524729723004054e-003	3.956536e-004
6.526399534886794e-003	3.536875e-004
6.528777755742591e-003	2.758950e-004
6.532629163416702e-003	1.067154e-004
6.538741228435165e-003	-2.582141e-004
6.547841707609603e-003	-9.453389e-004
6.557607332609603e-003	-1.698805e-003
6.563718215109591e-003	-2.081274e-003
6.567259702670720e-003	-2.248640e-003
6.569742305069039e-003	-2.337606e-003
6.573194992981014e-003	-2.419228e-003
6.576436649256548e-003	-2.449505e-003
6.578838097246648e-003	-2.442819e-003
6.582726338568086e-003	-2.381088e-003
6.588107716305999e-003	-2.201302e-003
6.596103501915068e-003	-1.781359e-003
6.605869126915067e-003	-1.167872e-003
6.612919733531474e-003	-7.744238e-004
6.616722477472097e-003	-6.100159e-004
6.619355986975798e-003	-5.220088e-004
6.621277863750541e-003	-4.725383e-004
6.622837736015016e-003	-4.419814e-004
6.624480679745425e-003	-4.193227e-004
6.626306920385757e-003	-4.057335e-004
6.628627160133549e-003	-4.060413e-004
6.632386494980155e-003	-4.470591e-004
6.638362740877229e-003	-6.047232e-004
6.647306540169235e-003	-9.874095e-004
6.657072165169235e-003	-1.444074e-003
6.663478762841941e-003	-1.665120e-003
6.667097676553930e-003	-1.738499e-003
6.669625457479478e-003	-1.762949e-003
6.671478144237578e-003	-1.765789e-003
6.674637401855720e-003	-1.740030e-003
6.676365209280465e-003	-1.709395e-003
6.678721944028539e-003	-1.648873e-003
6.682539253027500e-003	-1.506641e-003
6.688601119449252e-003	-1.181262e-003
6.697644095061144e-003	-5.425732e-004
6.707409720061144e-003	1.792112e-004
6.713630421439559e-003	5.555723e-004
6.717200205914804e-003	7.183456e-004
6.719699364992219e-003	8.043964e-004
6.721533177387857e-003	8.517811e-004
6.723155232236001e-003	8.821656e-004
6.724758929706700e-003	9.013694e-004
6.726410392847374e-003	9.097999e-004
6.728795409396103e-003	9.017411e-004
6.732657596730843e-003	8.394417e-004
6.738785506025294e-003	6.279721e-004
6.745102096888731e-003	2.991244e-004
6.752095924338254e-003	-1.320041e-004
6.758412489889118e-003	-5.154505e-004
6.764068756481529e-003	-8.043126e-004
6.767498302136817e-003	-9.388245e-004
6.769914888170907e-003	-1.011206e-003
6.771693904766530e-003	-1.051676e-003
6.773352195443044e-003	-1.079225e-003
6.774920540897799e-003	-1.096068e-003
6.776470466316742e-003	-1.103853e-003
6.778893073634440e-003	-1.098475e-003
6.782814843756930e-003	-1.045949e-003
6.789030109814175e-003	-8.646848e-004
6.798247287586258e-003	-4.501177e-004
6.808012912586258e-003	7.528137e-006
6.813896194963305e-003	2.040919e-004
6.817380638917038e-003	2.720551e-004
6.819829704613912e-003	2.942113e-004
6.821630335785411e-003	2.960639e-004
6.823275848045598e-003	2.867111e-004
6.824792698599026e-003	2.686108e-004
6.826422946227790e-003	2.389836e-004
6.828815819071546e-003	1.765796e-004
6.832690465323772e-003	2.958933e-005
6.838836672014234e-003	-3.064740e-004
6.847975986144656e-003	-9.621128e-004
6.857741611144655e-003	-1.690969e-003
6.863777464619326e-003	-2.059571e-003
6.867299914651963e-003	-2.223105e-003
6.869771348519581e-003	-2.310568e-003
6.873221893072994e-003	-2.391742e-003
6.876454410841615e-003	-2.422667e-003
6.878866972765318e-003	-2.417072e-003
6.882772828162254e-003	-2.357599e-003
6.888964797653370e-003	-2.148289e-003
6.898155812518597e-003	-1.652477e-003
6.907921437518597e-003	-1.055830e-003
6.913562531610844e-003	-7.623798e-004
6.917845319427066e-003	-5.926798e-004
6.920232701223042e-003	-5.227408e-004
6.921931556341997e-003	-4.846906e-004
6.923638425877884e-003	-4.566311e-004
6.925992884964070e-003	-4.349563e-004
6.928116328409373e-003	-4.323677e-004
6.931561887510946e-003	-4.615187e-004
6.937069023254865e-003	-5.861486e-004
6.945446044180741e-003	-9.102864e-004
6.955211669180741e-003	-1.346818e-003
6.962601057548506e-003	-1.592409e-003
6.966510537076416e-003	-1.660114e-003
6.969204470987499e-003	-1.675145e-003
6.971165515344224e-003	-1.668449e-003
6.972697906634411e-003	-1.652476e-003
6.974599492728660e-003	-1.619307e-003
6.976351112310291e-003	-1.575597e-003
6.978699021902098e-003	-1.497364e-003
6.982502318139975e-003	-1.324536e-003
6.988543520867212e-003	-9.454543e-004
6.997562687047684e-003	-2.137826e-004
7.007328312047684e-003	6.280780e-004
7.013594043463687e-003	1.092762e-003
7.017175583778600e-003	1.307402e-003
7.019681605878425e-003	1.430571e-003
7.021519949611332e-003	1.505600e-003
7.023138791680895e-003	1.560502e-003
7.024729723004060e-003	1.604058e-003
7.026399534886796e-003	1.638585e-003
7.028777755742595e-003	1.668028e-003
7.032629163416708e-003	1.667870e-003
7.038741228435175e-003	1.557948e-003
7.047841707609618e-003	1.215727e-003
7.057607332609617e-003	7.788271e-004
7.063718215109598e-003	5.630590e-004
7.067259702670724e-003	4.805384e-004
7.069742305069043e-003	4.457488e-004
7.071565171328717e-003	4.333527e-004
7.073194992981017e-003	4.320760e-004
7.074829561864567e-003	4.402741e-004
7.076436649256551e-003	4.576481e-004
7.078838097246653e-003	5.006929e-004
7.082726338568094e-003	6.121677e-004
7.088107716306002e-003	8.421058e-004
7.096103501915072e-003	1.296587e-003
7.105869126915072e-003	1.888805e-003
7.112919733531477e-003	2.225438e-003
7.116722477472099e-003	2.345563e-003
7.119355986975800e-003	2.397563e-003
7.122837736015018e-003	2.423552e-003
7.126306920385759e-003	2.398994e-003
7.128627160133551e-003	2.354327e-003
7.132386494980159e-003	2.235502e-003
7.138362740877235e-003	1.940236e-003
7.147306540169243e-003	1.324266e-003
7.157072165169242e-003	5.843187e-004
7.163478762841945e-003	1.666637e-004
7.167097676553933e-003	-1.999475e-005
7.169625457479479e-003	-1.240941e-004
7.171478144237580e-003	-1.854431e-004
7.173086826281682e-003	-2.280207e-004
7.174637401855724e-003	-2.594508e-004
7.176365209280466e-003	-2.832519e-004
7.178721944028541e-003	-2.966872e-004
7.182539253027503e-003	-2.731268e-004
7.188601119449258e-003	-1.318030e-004
7.197644095061152e-003	2.476014e-004
7.207409720061152e-003	7.186469e-004
7.213630421439562e-003	9.554378e-004
7.217200205914806e-003	1.046249e-003
7.219699364992221e-003	1.085704e-003
7.221533177387858e-003	1.100958e-003
7.223155232236002e-003	1.104414e-003
7.224758929706701e-003	1.098401e-003
7.226410392847375e-003	1.082352e-003
7.228795409396105e-003	1.041659e-003
7.232657596730846e-003	9.334931e-004
7.238785506025298e-003	6.675280e-004
7.245102096888732e-003	3.066950e-004
7.252095924338256e-003	-1.306169e-004
7.258412489889121e-003	-4.931515e-004
7.264068756481531e-003	-7.422070e-004
7.267498302136818e-003	-8.430917e-004
7.269914888170908e-003	-8.875747e-004
7.271693904766531e-003	-9.053280e-004
7.273352195443045e-003	-9.100657e-004
7.274920540897802e-003	-9.039067e-004
7.276470466316742e-003	-8.876164e-004
7.278893073634440e-003	-8.419888e-004
7.282814843756931e-003	-7.177549e-004
7.289030109814177e-003	-4.072455e-004
7.298247287586261e-003	2.303103e-004
7.308012912586261e-003	9.574008e-004
7.313896194963306e-003	1.328587e-003
7.317380638917039e-003	1.503098e-003
7.319829704613913e-003	1.601180e-003
7.321630335785412e-003	1.659277e-003
7.324792698599028e-003	1.731220e-003
7.326422946227791e-003	1.753028e-003
7.328815819071547e-003	1.766213e-003
7.332690465323773e-003	1.741430e-003
7.338836672014236e-003	1.597069e-003
7.347975986144658e-003	1.215773e-003
7.357741611144658e-003	7.560409e-004
7.363777464619328e-003	5.365195e-004
7.367299914651964e-003	4.526477e-004
7.369771348519581e-003	4.175295e-004
7.371586819316635e-003	4.051973e-004
7.373221893072996e-003	4.042111e-004
7.374877345524851e-003	4.131513e-004
7.376454410841616e-003	4.310121e-004
7.378866972765320e-003	4.758164e-004
7.382772828162258e-003	5.914119e-004
7.388964797653376e-003	8.700354e-004
7.398155812518606e-003	1.421247e-003
7.407921437518606e-003	2.010674e-003
7.413562531610858e-003	2.267787e-003
7.417845319427077e-003	2.393972e-003
7.420232701223041e-003	2.433687e-003
7.421931556341996e-003	2.447635e-003
7.423638425877884e-003	2.449317e-003
7.425992884964070e-003	2.431066e-003
7.428116328409374e-003	2.394150e-003
7.431561887510946e-003	2.293925e-003
7.437069023254865e-003	2.038135e-003
7.445446044180742e-003	1.474777e-003
7.455211669180742e-003	7.035423e-004
7.462601057548507e-003	1.692439e-004
7.466510537076415e-003	-6.204409e-005
7.469204470987498e-003	-1.937131e-004
7.471165515344223e-003	-2.737845e-004
7.472697906634409e-003	-3.266383e-004
7.474599492728658e-003	-3.800599e-004
7.476351112310290e-003	-4.172009e-004
7.478699021902097e-003	-4.488615e-004
7.482502318139974e-003	-4.573445e-004
7.488543520867210e-003	-3.730622e-004
7.497562687047681e-003	-9.130342e-005
7.507328312047681e-003	2.606272e-004
7.513594043463686e-003	4.152488e-004
7.517175583778599e-003	4.557341e-004
7.519681605878423e-003	4.587986e-004
7.521519949611331e-003	4.467790e-004
7.523138791680893e-003	4.258378e-004
7.524729723004056e-003	3.956536e-004
7.526399534886795e-003	3.536875e-004
7.528777755742593e-003	2.758950e-004
7.532629163416705e-003	1.067154e-004
7.538741228435169e-003	-2.582141e-004
7.547841707609609e-003	-9.453389e-004
7.557607332609609e-003	-1.698805e-003
7.563718215109594e-003	-2.081274e-003
7.567259702670722e-003	-2.248640e-003
7.569742305069041e-003	-2.337606e-003
7.573194992981015e-003	-2.419228e-003
7.576436649256549e-003	-2.449505e-003
7.578838097246650e-003	-2.442819e-003
7.582726338568088e-003	-2.381088e-003
7.588107716306000e-003	-2.201302e-003
7.596103501915068e-003	-1.781359e-003
7.605869126915068e-003	-1.167872e-003
7.612919733531474e-003	-7.744238e-004
7.616722477472097e-003	-6.100159e-004
7.619355986975798e-003	-5.220088e-004
7.621277863750540e-003	-4.725383e-004
7.622837736015014e-003	-4.419814e-004
7.624480679745425e-003	-4.193227e-004
7.626306920385757e-003	-4.057335e-004
7.628627160133548e-003	-4.060413e-004
7.632386494980153e-003	-4.470591e-004
7.638362740877226e-003	-6.047232e-004
7.647306540169230e-003	-9.874095e-004
7.657072165169230e-003	-1.444074e-003
7.663478762841939e-003	-1.665120e-003
7.667097676553928e-003	-1.738499e-003
7.669625457479476e-003	-1.762949e-003
7.671478144237577e-003	-1.765789e-003
7.674637401855720e-003	-1.740030e-003
7.676365209280465e-003	-1.709395e-003
7.678721944028539e-003	-1.648873e-003
7.682539253027500e-003	-1.506641e-003
7.688601119449252e-003	-1.181262e-003
7.697644095061144e-003	-5.425732e-004
7.707409720061144e-003	1.792112e-004
7.713630421439559e-003	5.555723e-004
7.717200205914803e-003	7.183456e-004
7.719699364992218e-003	8.043964e-004
7.721533177387855e-003	8.517811e-004
7.723155232235998e-003	8.821656e-004
7.724758929706694e-003	9.013694e-004
7.726410392847371e-003	9.097999e-004
7.728795409396099e-003	9.017411e-004
7.732657596730835e-003	8.394417e-004
7.738785506025281e-003	6.279721e-004
7.745102096888730e-003	2.991244e-004
7.752095924338253e-003	-1.320041e-004
7.758412489889116e-003	-5.154505e-004
7.764068756481529e-003	-8.043126e-004
7.767498302136817e-003	-9.388245e-004
7.769914888170907e-003	-1.011206e-003
7.771693904766529e-003	-1.051676e-003
7.773352195443041e-003	-1.079225e-003
7.774920540897793e-003	-1.096068e-003
7.776470466316739e-003	-1.103853e-003
7.778893073634436e-003	-1.098475e-003
7.782814843756924e-003	-1.045949e-003
7.789030109814166e-003	-8.646848e-004
7.798247287586246e-003	-4.501177e-004
7.808012912586246e-003	7.528137e-006
7.813896194963300e-003	2.040919e-004
7.817380638917034e-003	2.720551e-004
7.819829704613909e-003	2.942113e-004
7.821630335785408e-003	2.960639e-004
7.823275848045591e-003	2.867111e-004
7.824792698599026e-003	2.686108e-004
7.826422946227790e-003	2.389836e-004
7.828815819071546e-003	1.765796e-004
7.832690465323772e-003	2.958933e-005
7.838836672014236e-003	-3.064740e-004
7.847975986144657e-003	-9.621128e-004
7.857741611144657e-003	-1.690969e-003
7.863777464619326e-003	-2.059571e-003
7.867299914651963e-003	-2.223105e-003
7.869771348519579e-003	-2.310568e-003
7.873221893072994e-003	-2.391742e-003
7.876454410841614e-003	-2.422667e-003
7.878866972765316e-003	-2.417072e-003
7.882772828162252e-003	-2.357599e-003
7.888964797653367e-003	-2.148289e-003
7.898155812518595e-003	-1.652477e-003
7.907921437518594e-003	-1.055830e-003
7.913562531610839e-003	-7.623798e-004
7.917845319427063e-003	-5.926798e-004
7.920232701223042e-003	-5.227408e-004
7.921931556341997e-003	-4.846906e-004
7.923638425877884e-003	-4.566311e-004
7.925992884964071e-003	-4.349563e-004
7.928116328409373e-003	-4.323677e-004
7.931561887510945e-003	-4.615187e-004
7.937069023254863e-003	-5.861486e-004
7.945446044180739e-003	-9.102864e-004
7.955211669180739e-003	-1.346818e-003
7.962601057548506e-003	-1.592409e-003
7.966510537076416e-003	-1.660114e-003
7.969204470987498e-003	-1.675145e-003
7.971165515344223e-003	-1.668449e-003
7.972697906634409e-003	-1.652476e-003
7.974599492728657e-003	-1.619307e-003
7.976351112310289e-003	-1.575597e-003
7.978699021902094e-003	-1.497364e-003
7.982502318139968e-003	-1.324536e-003
7.988543520867201e-003	-9.454543e-004
7.997562687047669e-003	-2.137826e-004
8.007328312047668e-003	6.280780e-004
8.013594043463680e-003	1.092762e-003
8.017175583778596e-003	1.307402e-003
8.019681605878421e-003	1.430571e-003
8.021519949611328e-003	1.505600e-003
8.023138791680890e-003	1.560502e-003
8.024729723004049e-003	1.604058e-003
8.026399534886791e-003	1.638585e-003
8.028777755742586e-003	1.668028e-003
8.032629163416693e-003	1.667870e-003
8.038741228435151e-003	1.557948e-003
8.047841707609584e-003	1.215727e-003
8.057607332609584e-003	7.788271e-004
8.063718215109582e-003	5.630590e-004
8.067259702670714e-003	4.805384e-004
8.069742305069034e-003	4.457488e-004
8.071565171328709e-003	4.333527e-004
8.073194992981007e-003	4.320760e-004
8.074829561864548e-003	4.402741e-004
8.076436649256544e-003	4.576481e-004
8.078838097246643e-003	5.006929e-004
8.082726338568077e-003	6.121677e-004
8.088107716305996e-003	8.421058e-004
8.096103501915062e-003	1.296587e-003
8.105869126915062e-003	1.888805e-003
8.112919733531471e-003	2.225438e-003
8.116722477472095e-003	2.345563e-003
8.119355986975796e-003	2.397563e-003
8.122837736015014e-003	2.423552e-003
8.126306920385757e-003	2.398994e-003
8.128627160133548e-003	2.354327e-003
8.132386494980154e-003	2.235502e-003
8.138362740877229e-003	1.940236e-003
8.147306540169234e-003	1.324266e-003
8.157072165169234e-003	5.843187e-004
8.163478762841941e-003	1.666637e-004
8.167097676553931e-003	-1.999475e-005
8.169625457479479e-003	-1.240941e-004
8.171478144237580e-003	-1.854431e-004
8.173086826281682e-003	-2.280207e-004
8.174637401855723e-003	-2.594508e-004
8.176365209280464e-003	-2.832519e-004
8.178721944028538e-003	-2.966872e-004
8.182539253027497e-003	-2.731268e-004
8.188601119449248e-003	-1.318030e-004
8.197644095061137e-003	2.476014e-004
8.207409720061136e-003	7.186469e-004
8.213630421439555e-003	9.554378e-004
8.217200205914802e-003	1.046249e-003
8.219699364992218e-003	1.085704e-003
8.221533177387856e-003	1.100958e-003
8.223155232235999e-003	1.104414e-003
8.224758929706698e-003	1.098401e-003
8.226410392847373e-003	1.082352e-003
8.228795409396101e-003	1.041659e-003
8.232657596730839e-003	9.334931e-004
8.238785506025288e-003	6.675280e-004
8.245102096888730e-003	3.066950e-004
8.252095924338253e-003	-1.306169e-004
8.258412489889117e-003	-4.931515e-004
8.264068756481530e-003	-7.422070e-004
8.267498302136817e-003	-8.430917e-004
8.269914888170908e-003	-8.875747e-004
8.271693904766531e-003	-9.053280e-004
8.273352195443045e-003	-9.100657e-004
8.274920540897802e-003	-9.039067e-004
8.276470466316743e-003	-8.876164e-004
8.278893073634441e-003	-8.419888e-004
8.282814843756932e-003	-7.177549e-004
8.289030109814178e-003	-4.072455e-004
8.298247287586262e-003	2.303103e-004
8.308012912586262e-003	9.574008e-004
8.313896194963307e-003	1.328587e-003
8.317380638917038e-003	1.503098e-003
8.319829704613911e-003	1.601180e-003
8.321630335785412e-003	1.659277e-003
8.324792698599027e-003	1.731220e-003
8.326422946227789e-003	1.753028e-003
8.328815819071543e-003	1.766213e-003
8.332690465323768e-003	1.741430e-003
8.338836672014228e-003	1.597069e-003
8.347975986144647e-003	1.215773e-003
8.357741611144647e-003	7.560409e-004
8.363777464619323e-003	5.365195e-004
8.367299914651960e-003	4.526477e-004
8.369771348519578e-003	4.175295e-004
8.371586819316632e-003	4.051973e-004
8.373221893072992e-003	4.042111e-004
8.374877345524844e-003	4.131513e-004
8.376454410841613e-003	4.310121e-004
8.378866972765315e-003	4.758164e-004
8.382772828162249e-003	5.914119e-004
8.388964797653362e-003	8.700354e-004
8.398155812518586e-003	1.421247e-003
8.407921437518586e-003	2.010674e-003
8.413562531610826e-003	2.267787e-003
8.417845319427051e-003	2.393972e-003
8.420232701223041e-003	2.433687e-003
8.421931556341996e-003	2.447635e-003
8.423638425877882e-003	2.449317e-003
8.425992884964069e-003	2.431066e-003
8.428116328409372e-003	2.394150e-003
8.431561887510944e-003	2.293925e-003
8.437069023254862e-003	2.038135e-003
8.445446044180736e-003	1.474777e-003
8.455211669180736e-003	7.035423e-004
8.462601057548504e-003	1.692439e-004
8.466510537076415e-003	-6.204409e-005
8.469204470987497e-003	-1.937131e-004
8.471165515344221e-003	-2.737845e-004
8.472697906634408e-003	-3.266383e-004
8.474599492728656e-003	-3.800599e-004
8.476351112310290e-003	-4.172009e-004
8.478699021902096e-003	-4.488615e-004
8.482502318139972e-003	-4.573445e-004
8.488543520867208e-003	-3.730622e-004
8.497562687047678e-003	-9.130342e-005
8.507328312047677e-003	2.606272e-004
8.513594043463683e-003	4.152488e-004
8.517175583778599e-003	4.557341e-004
8.519681605878423e-003	4.587986e-004
8.521519949611331e-003	4.467790e-004
8.523138791680892e-003	4.258378e-004
8.524729723004054e-003	3.956536e-004
8.526399534886795e-003	3.536875e-004
8.528777755742593e-003	2.758950e-004
8.532629163416705e-003	1.067154e-004
8.538741228435171e-003	-2.582141e-004
8.547841707609612e-003	-9.453389e-004
8.557607332609612e-003	-1.698805e-003
8.563718215109595e-003	-2.081274e-003
8.567259702670723e-003	-2.248640e-003
8.569742305069041e-003	-2.337606e-003
8.573194992981014e-003	-2.419228e-003
8.576436649256548e-003	-2.449505e-003
8.578838097246648e-003	-2.442819e-003
8.582726338568086e-003	-2.381088e-003
8.588107716306000e-003	-2.201302e-003
8.596103501915069e-003	-1.781359e-003
8.605869126915069e-003	-1.167872e-003
8.612919733531475e-003	-7.744238e-004
8.616722477472097e-003	-6.100159e-004
8.619355986975797e-003	-5.220088e-004
8.621277863750540e-003	-4.725383e-004
8.622837736015016e-003	-4.419814e-004
8.624480679745425e-003	-4.193227e-004
8.626306920385757e-003	-4.057335e-004
8.628627160133549e-003	-4.060413e-004
8.632386494980155e-003	-4.470591e-004
8.638362740877230e-003	-6.047232e-004
8.647306540169234e-003	-9.874095e-004
8.657072165169234e-003	-1.444074e-003
8.663478762841941e-003	-1.665120e-003
8.667097676553930e-003	-1.738499e-003
8.669625457479478e-003	-1.762949e-003
8.671478144237578e-003	-1.765789e-003
8.674637401855723e-003	-1.740030e-003
8.676365209280466e-003	-1.709395e-003
8.678721944028542e-003	-1.648873e-003
8.682539253027503e-003	-1.506641e-003
8.688601119449257e-003	-1.181262e-003
8.697644095061151e-003	-5.425732e-004
8.707409720061151e-003	1.792112e-004
8.713630421439562e-003	5.555723e-004
8.717200205914806e-003	7.183456e-004
8.719699364992220e-003	8.043964e-004
8.721533177387858e-003	8.517811e-004
8.723155232236001e-003	8.821656e-004
8.724758929706700e-003	9.013694e-004
8.726410392847373e-003	9.097999e-004
8.728795409396101e-003	9.017411e-004
8.732657596730840e-003	8.394417e-004
8.738785506025288e-003	6.279721e-004
8.745102096888731e-003	2.991244e-004
8.752095924338255e-003	-1.320041e-004
8.758412489889119e-003	-5.154505e-004
8.764068756481530e-003	-8.043126e-004
8.767498302136818e-003	-9.388245e-004
8.769914888170907e-003	-1.011206e-003
8.771693904766530e-003	-1.051676e-003
8.773352195443044e-003	-1.079225e-003
8.774920540897801e-003	-1.096068e-003
8.776470466316742e-003	-1.103853e-003
8.778893073634440e-003	-1.098475e-003
8.782814843756931e-003	-1.045949e-003
8.789030109814177e-003	-8.646848e-004
8.798247287586261e-003	-4.501177e-004
8.808012912586261e-003	7.528137e-006
8.813896194963306e-003	2.040919e-004
8.817380638917037e-003	2.720551e-004
8.819829704613910e-003	2.942113e-004
8.821630335785410e-003	2.960639e-004
8.823275848045598e-003	2.867111e-004
8.824792698599026e-003	2.686108e-004
8.826422946227789e-003	2.389836e-004
8.828815819071544e-003	1.765796e-004
8.832690465323768e-003	2.958933e-005
8.838836672014228e-003	-3.064740e-004
8.847975986144648e-003	-9.621128e-004
8.857741611144648e-003	-1.690969e-003
8.863777464619322e-003	-2.059571e-003
8.867299914651960e-003	-2.223105e-003
8.869771348519576e-003	-2.310568e-003
8.873221893072989e-003	-2.391742e-003
8.876454410841611e-003	-2.422667e-003
8.878866972765314e-003	-2.417072e-003
8.882772828162248e-003	-2.357599e-003
8.888964797653359e-003	-2.148289e-003
8.898155812518582e-003	-1.652477e-003
8.907921437518581e-003	-1.055830e-003
8.913562531610818e-003	-7.623798e-004
8.917845319427045e-003	-5.926798e-004
8.920232701223042e-003	-5.227408e-004
8.921931556341996e-003	-4.846906e-004
8.923638425877883e-003	-4.566311e-004
8.925992884964070e-003	-4.349563e-004
8.928116328409372e-003	-4.323677e-004
8.931561887510944e-003	-4.615187e-004
8.937069023254862e-003	-5.861486e-004
8.945446044180737e-003	-9.102864e-004
8.955211669180736e-003	-1.346818e-003
8.962601057548505e-003	-1.592409e-003
8.966510537076415e-003	-1.660114e-003
8.969204470987499e-003	-1.675145e-003
8.971165515344224e-003	-1.668449e-003
8.972697906634412e-003	-1.652476e-003
8.974599492728660e-003	-1.619307e-003
8.976351112310292e-003	-1.575597e-003
8.978699021902100e-003	-1.497364e-003
8.982502318139978e-003	-1.324536e-003
8.988543520867216e-003	-9.454543e-004
8.997562687047689e-003	-2.137826e-004
9.007328312047688e-003	6.280780e-004
9.013594043463689e-003	1.092762e-003
9.017175583778601e-003	1.307402e-003
9.019681605878424e-003	1.430571e-003
9.021519949611331e-003	1.505600e-003
9.023138791680893e-003	1.560502e-003
9.024729723004055e-003	1.604058e-003
9.026399534886794e-003	1.638585e-003
9.028777755742592e-003	1.668028e-003
9.032629163416702e-003	1.667870e-003
9.038741228435166e-003	1.557948e-003
9.047841707609606e-003	1.215727e-003
9.057607332609605e-003	7.788271e-004
9.063718215109592e-003	5.630590e-004
9.067259702670720e-003	4.805384e-004
9.069742305069040e-003	4.457488e-004
9.071565171328714e-003	4.333527e-004
9.073194992981013e-003	4.320760e-004
9.074829561864560e-003	4.402741e-004
9.076436649256548e-003	4.576481e-004
9.078838097246649e-003	5.006929e-004
9.082726338568086e-003	6.121677e-004
9.088107716306000e-003	8.421058e-004
9.096103501915070e-003	1.296587e-003
9.105869126915070e-003	1.888805e-003
9.112919733531476e-003	2.225438e-003
9.116722477472099e-003	2.345563e-003
9.119355986975801e-003	2.397563e-003
9.122837736015018e-003	2.423552e-003
9.126306920385758e-003	2.398994e-003
9.128627160133549e-003	2.354327e-003
9.132386494980155e-003	2.235502e-003
9.138362740877230e-003	1.940236e-003
9.147306540169237e-003	1.324266e-003
9.157072165169236e-003	5.843187e-004
9.163478762841942e-003	1.666637e-004
9.167097676553930e-003	-1.999475e-005
9.169625457479477e-003	-1.240941e-004
9.171478144237577e-003	-1.854431e-004
9.173086826281679e-003	-2.280207e-004
9.174637401855717e-003	-2.594508e-004
9.176365209280463e-003	-2.832519e-004
9.178721944028537e-003	-2.966872e-004
9.182539253027495e-003	-2.731268e-004
9.188601119449245e-003	-1.318030e-004
9.197644095061134e-003	2.476014e-004
9.207409720061134e-003	7.186469e-004
9.213630421439554e-003	9.554378e-004
9.217200205914801e-003	1.046249e-003
9.219699364992218e-003	1.085704e-003
9.221533177387855e-003	1.100958e-003
9.223155232235996e-003	1.104414e-003
9.224758929706691e-003	1.098401e-003
9.226410392847372e-003	1.082352e-003
9.228795409396100e-003	1.041659e-003
9.232657596730838e-003	9.334931e-004
9.238785506025285e-003	6.675280e-004
9.245102096888730e-003	3.066950e-004
9.252095924338254e-003	-1.306169e-004
9.258412489889118e-003	-4.931515e-004
9.264068756481529e-003	-7.422070e-004
9.267498302136816e-003	-8.430917e-004
9.269914888170906e-003	-8.875747e-004
9.271693904766528e-003	-9.053280e-004
9.273352195443042e-003	-9.100657e-004
9.274920540897796e-003	-9.039067e-004
9.276470466316741e-003	-8.876164e-004
9.278893073634437e-003	-8.419888e-004
9.282814843756926e-003	-7.177549e-004
9.289030109814170e-003	-4.072455e-004
9.298247287586253e-003	2.303103e-004
9.308012912586252e-003	9.574008e-004
9.313896194963303e-003	1.328587e-003
9.317380638917036e-003	1.503098e-003
9.319829704613911e-003	1.601180e-003
9.321630335785411e-003	1.659277e-003
9.324792698599028e-003	1.731220e-003
9.326422946227790e-003	1.753028e-003
9.328815819071544e-003	1.766213e-003
9.332690465323769e-003	1.741430e-003
9.338836672014229e-003	1.597069e-003
9.347975986144648e-003	1.215773e-003
9.357741611144648e-003	7.560409e-004
9.363777464619322e-003	5.365195e-004
9.367299914651961e-003	4.526477e-004
9.369771348519579e-003	4.175295e-004
9.371586819316633e-003	4.051973e-004
9.373221893072993e-003	4.042111e-004
9.374877345524847e-003	4.131513e-004
9.376454410841615e-003	4.310121e-004
9.378866972765318e-003	4.758164e-004
9.382772828162253e-003	5.914119e-004
9.388964797653368e-003	8.700354e-004
9.398155812518596e-003	1.421247e-003
9.407921437518596e-003	2.010674e-003
9.413562531610843e-003	2.267787e-003
9.417845319427064e-003	2.393972e-003
9.420232701223042e-003	2.433687e-003
9.421931556341998e-003	2.447635e-003
9.423638425877888e-003	2.449317e-003
9.425992884964072e-003	2.431066e-003
9.428116328409376e-003	2.394150e-003
9.431561887510950e-003	2.293925e-003
9.437069023254871e-003	2.038135e-003
9.445446044180751e-003	1.474777e-003
9.455211669180751e-003	7.035423e-004
9.462601057548510e-003	1.692439e-004
9.466510537076419e-003	-6.204409e-005
9.469204470987501e-003	-1.937131e-004
9.471165515344226e-003	-2.737845e-004
9.472697906634414e-003	-3.266383e-004
9.474599492728664e-003	-3.800599e-004
9.476351112310292e-003	-4.172009e-004
9.478699021902100e-003	-4.488615e-004
9.482502318139978e-003	-4.573445e-004
9.488543520867216e-003	-3.730622e-004
9.497562687047689e-003	-9.130342e-005
9.507328312047689e-003	2.606272e-004
9.513594043463690e-003	4.152488e-004
9.517175583778601e-003	4.557341e-004
9.519681605878424e-003	4.587986e-004
9.521519949611331e-003	4.467790e-004
9.523138791680893e-003	4.258378e-004
9.524729723004057e-003	3.956536e-004
9.526399534886794e-003	3.536875e-004
9.528777755742591e-003	2.758950e-004
9.532629163416701e-003	1.067154e-004
9.538741228435163e-003	-2.582141e-004
9.547841707609601e-003	-9.453389e-004
9.557607332609601e-003	-1.698805e-003
9.563718215109590e-003	-2.081274e-003
9.567259702670718e-003	-2.248640e-003
9.569742305069039e-003	-2.337606e-003
9.573194992981014e-003	-2.419228e-003
9.576436649256549e-003	-2.449505e-003
9.578838097246651e-003	-2.442819e-003
9.582726338568090e-003	-2.381088e-003
9.588107716306001e-003	-2.201302e-003
9.596103501915070e-003	-1.781359e-003
9.605869126915070e-003	-1.167872e-003
9.612919733531474e-003	-7.744238e-004
9.616722477472098e-003	-6.100159e-004
9.619355986975798e-003	-5.220088e-004
9.621277863750541e-003	-4.725383e-004
9.622837736015017e-003	-4.419814e-004
9.624480679745426e-003	-4.193227e-004
9.626306920385758e-003	-4.057335e-004
9.628627160133550e-003	-4.060413e-004
9.632386494980156e-003	-4.470591e-004
9.638362740877230e-003	-6.047232e-004
9.647306540169235e-003	-9.874095e-004
9.657072165169235e-003	-1.444074e-003
9.663478762841942e-003	-1.665120e-003
9.667097676553930e-003	-1.738499e-003
9.669625457479479e-003	-1.762949e-003
9.671478144237579e-003	-1.765789e-003
9.674637401855727e-003	-1.740030e-003
9.676365209280467e-003	-1.709395e-003
9.678721944028544e-003	-1.648873e-003
9.682539253027509e-003	-1.506641e-003
9.688601119449266e-003	-1.181262e-003
9.697644095061164e-003	-5.425732e-004
9.707409720061164e-003	1.792112e-004
9.713630421439568e-003	5.555723e-004
9.717200205914812e-003	7.183456e-004
9.719699364992226e-003	8.043964e-004
9.721533177387861e-003	8.517811e-004
9.723155232236004e-003	8.821656e-004
9.724758929706704e-003	9.013694e-004
9.726410392847376e-003	9.097999e-004
9.728795409396106e-003	9.017411e-004
9.732657596730848e-003	8.394417e-004
9.738785506025300e-003	6.279721e-004
9.745102096888732e-003	2.991244e-004
9.752095924338256e-003	-1.320041e-004
9.758412489889120e-003	-5.154505e-004
9.764068756481531e-003	-8.043126e-004
9.767498302136819e-003	-9.388245e-004
9.769914888170908e-003	-1.011206e-003
9.771693904766531e-003	-1.051676e-003
9.773352195443045e-003	-1.079225e-003
9.774920540897802e-003	-1.096068e-003
9.776470466316743e-003	-1.103853e-003
9.778893073634441e-003	-1.098475e-003
9.782814843756931e-003	-1.045949e-003
9.789030109814178e-003	-8.646848e-004
9.798247287586262e-003	-4.501177e-004
9.808012912586261e-003	7.528137e-006
9.813896194963307e-003	2.040919e-004
9.817380638917038e-003	2.720551e-004
9.819829704613911e-003	2.942113e-004
9.821630335785410e-003	2.960639e-004
9.823275848045595e-003	2.867111e-004
9.824792698599028e-003	2.686108e-004
9.826422946227790e-003	2.389836e-004
9.828815819071546e-003	1.765796e-004
9.832690465323772e-003	2.958933e-005
9.838836672014234e-003	-3.064740e-004
9.847975986144656e-003	-9.621128e-004
9.857741611144655e-003	-1.690969e-003
9.863777464619326e-003	-2.059571e-003
9.867299914651965e-003	-2.223105e-003
9.869771348519581e-003	-2.310568e-003
9.873221893072994e-003	-2.391742e-003
9.876454410841616e-003	-2.422667e-003
9.878866972765320e-003	-2.417072e-003
9.882772828162257e-003	-2.357599e-003
9.888964797653374e-003	-2.148289e-003
9.898155812518603e-003	-1.652477e-003
9.907921437518603e-003	-1.055830e-003
9.913562531610853e-003	-7.623798e-004
9.917845319427073e-003	-5.926798e-004
9.920232701223041e-003	-5.227408e-004
9.921931556341995e-003	-4.846906e-004
9.923638425877880e-003	-4.566311e-004
9.925992884964067e-003	-4.349563e-004
9.928116328409368e-003	-4.323677e-004
9.931561887510938e-003	-4.615187e-004
9.937069023254853e-003	-5.861486e-004
9.945446044180724e-003	-9.102864e-004
9.955211669180723e-003	-1.346818e-003
9.962601057548499e-003	-1.592409e-003
9.966510537076411e-003	-1.660114e-003
9.969204470987494e-003	-1.675145e-003
9.971165515344219e-003	-1.668449e-003
9.972697906634404e-003	-1.652476e-003
9.974599492728652e-003	-1.619307e-003
9.976351112310287e-003	-1.575597e-003
9.978699021902092e-003	-1.497364e-003
9.982502318139967e-003	-1.324536e-003
9.988543520867197e-003	-9.454543e-004
9.997562687047663e-003	-2.137826e-004