0.00049990604605316101000000000000
0.00099991977236097112000000000000
0.00149993419707776910000000000000
0.00199995111022449640000000000000
0.00250006081578847680000000000000
0.00300002178187140210000000000000
0.00350009249844970270000000000000
0.00399986386268169190000000000000
0.00449987830994362340000000000000
0.00499989242158347010000000000000
0.00549990604605308640000000000000
0.00599991977236088560000000000000
0.00649993419707767340000000000000
0.00699995111022439120000000000000
0.00750006081578837020000000000000
0.00800002178187129640000000000000
0.00850009249844959660000000000000
0.00899986386268158620000000000000
0.00949987830994351860000000000000
