0.00050005701990875599943775497991 0
0.00070498456299697778455054519853 0
0.00080785214768944874075273787639 0
0.00100004257611333046730506257660 0
0.00119174259938716422570215147658 0
0.00129491767945066720002511573284 0
0.00150009624028308035000034426076 0
0.00170498502180637225358883490856 0
0.00180785227097882313096466333491 0
0.00200004257588334843909194660228 0
0.00219174259939670153934931917661 0
0.00229491767945181560778289409086 0
0.00250009624028308362342354342900 0
0.00270498502180636837127769567246 0
0.00280785227097882401914308303503 0
0.00300004257588334672518515233719 0
0.00319174259939669939176165591732 0
0.00329491767945181259283349284317 0
0.00350009624028308711368717709433 0
0.00370498502180637316258393632040 0
0.00380785227097882620836410971776 0
0.00400004257588334934808704801412 0
0.00419174259939670418306789656526 0
0.00429491767945181478205451952590 0
0.00450009624028307672616300294521 0
0.00470498502180637535180496300313 0
0.00480785227097881798924428053965 0
0.00500004257588335023626546771425 0
0.00519174259939670420388457827698 0
0.00529491767945181220078598727241 0
0.00550009624028308715532054051778 0
0.00570498502180637363789816873805 0
0.00580785227097881887742270023978 0
0.00600004257588334938972041143757 0
0.00619174259939670075525430803509 0
0.00629491767945180615007050306531 0
0.00650009624028307590043462838025 0
0.00670498502180637452607658843817 0
0.00680785227097882496977154787032 0
0.00700004257588334767581361717248 0
0.00719174259939670858232663164245 0
0.00729491767945181657922804063787 0
0.00750009624028308112542173802240 0
0.00770498502180637454689327014989 0
0.00780785227097881371488563573280 0
0.00800004257588333121675727710453 0
0.00819174259939669559271724352811 0
0.00829491767945181833476819832640 0
0.00850009624028307854415320576891 0
0.00870498502180638150660385576884 0
0.00880785227097882761349012525898 0
0.00900004257588335118689393254954 0
0.00919174259939669301144871127462 0
0.00929491767945181054932923814249 0
0.00950009624028308984067248132988 0
0.00970498502180639453784660730662 0
0.00980785227097882676694506898230 0
