0.000000 0.000000
0.000000 0.000000
0.000012 0.000074
0.000023 0.000146
0.000035 0.000217
0.000046 0.000287
0.000058 0.000355
0.000070 0.000422
0.000081 0.000488
0.000110 0.000640
0.000140 0.000770
0.000159 0.000842
0.000179 0.000902
0.000198 0.000948
0.000218 0.000980
0.000237 0.000997
0.000257 0.000999
0.000276 0.000986
0.000296 0.000959
0.000316 0.000916
0.000335 0.000861
0.000355 0.000792
0.000384 0.000667
0.000413 0.000519
0.000442 0.000354
0.000472 0.000176
0.000483 0.000106
0.000494 0.000036	*****
0.000505 -0.000033
0.000516 -0.000103
0.000528 -0.000172
0.000539 -0.000240
0.000550 -0.000308
0.000579 -0.000477
0.000609 -0.000630
0.000638 -0.000762
0.000657 -0.000835
0.000677 -0.000896
0.000696 -0.000944
0.000716 -0.000977
0.000735 -0.000996
0.000755 -0.001000
0.000775 -0.000988
0.000794 -0.000962
0.000814 -0.000921
0.000833 -0.000867
0.000853 -0.000799
0.000882 -0.000676
0.000911 -0.000529
0.000941 -0.000365
0.000970 -0.000188
0.000981 -0.000118
0.000992 -0.000048	*****
0.001003 0.000021
0.001014 0.000090
0.001026 0.000160
0.001037 0.000228
0.001048 0.000297
0.001077 0.000467
0.001107 0.000621
0.001136 0.000754
0.001155 0.000828
0.001175 0.000891
0.001194 0.000940
0.001214 0.000974
0.001234 0.000995
0.001253 0.001000
0.001273 0.000990
0.001292 0.000965
0.001312 0.000926
0.001331 0.000873
0.001351 0.000806
0.001380 0.000685
0.001409 0.000540
0.001439 0.000376
0.001468 0.000200
0.001479 0.000130
0.001490 0.000061	*****
0.001501 -0.000009
0.001513 -0.000078
0.001524 -0.000147
0.001535 -0.000216
0.001546 -0.000285
0.001575 -0.000456
0.001605 -0.000611
0.001634 -0.000745
0.001653 -0.000821
0.001673 -0.000885
0.001692 -0.000935
0.001712 -0.000972
0.001732 -0.000993
0.001751 -0.001000
0.001771 -0.000992
0.001790 -0.000968
0.001810 -0.000931
0.001829 -0.000879
0.001849 -0.000814
0.001878 -0.000693
0.001907 -0.000550
0.001937 -0.000388
0.001966 -0.000212
0.001977 -0.000143
0.001988 -0.000073
0.001999 -0.000003	*****
0.002011 0.000066
0.002022 0.000135
0.002033 0.000204
0.002044 0.000273
0.002073 0.000445
0.002103 0.000601
0.002132 0.000737
0.002151 0.000814
0.002171 0.000879
0.002191 0.000931
0.002210 0.000969
0.002230 0.000992
0.002249 0.001000
0.002269 0.000993
0.002288 0.000971
0.002308 0.000935
0.002327 0.000884
0.002347 0.000821
0.002376 0.000702
0.002405 0.000560
0.002435 0.000399
0.002464 0.000224	*****
0.002542 -0.000261
0.002571 -0.000434
0.002601 -0.000591
0.002630 -0.000729
0.002650 -0.000807
0.002669 -0.000873
0.002689 -0.000926
0.002708 -0.000966
0.002728 -0.000990
0.002747 -0.001000
0.002767 -0.000994
0.002786 -0.000974
0.002806 -0.000939
0.002825 -0.000890
0.002845 -0.000828
0.002874 -0.000711
0.002903 -0.000570
0.002933 -0.000410
0.002962 -0.000236	*****
0.003040 0.000250
0.003069 0.000423
0.003099 0.000581
0.003128 0.000720
0.003148 0.000800
0.003167 0.000867
0.003187 0.000922
0.003206 0.000962
0.003226 0.000988
0.003245 0.001000
0.003265 0.000996
0.003284 0.000977
0.003304 0.000943
0.003323 0.000896
0.003343 0.000835
0.003362 0.000761
0.003392 0.000629
0.003421 0.000476
0.003450 0.000307
0.003461 0.000239
0.003473 0.000170
0.003484 0.000101
0.003495 0.000032	*****
0.003506 -0.000037
0.003517 -0.000107
0.003528 -0.000178
0.003558 -0.000355
0.003587 -0.000520
0.003616 -0.000667
0.003646 -0.000793
0.003665 -0.000861
0.003685 -0.000917
0.003704 -0.000959
0.003724 -0.000986
0.003743 -0.000999
0.003763 -0.000997
0.003782 -0.000979
0.003802 -0.000947
0.003821 -0.000901
0.003841 -0.000841
0.003860 -0.000769
0.003890 -0.000639
0.003919 -0.000487
0.003948 -0.000319
0.003978 -0.000140
0.003989 -0.000069	*****
0.004000 0.000001
0.004011 0.000070
0.004022 0.000139
0.004033 0.000208
0.004045 0.000276
0.004056 0.000343
0.004085 0.000509
0.004114 0.000658
0.004144 0.000785
0.004163 0.000855
0.004183 0.000912
0.004202 0.000955
0.004222 0.000984
0.004241 0.000999
0.004261 0.000998
0.004280 0.000982
0.004300 0.000951
0.004319 0.000906
0.004339 0.000848
0.004359 0.000776
0.004388 0.000648
0.004417 0.000498
0.004446 0.000330
0.004476 0.000152
0.004487 0.000082
0.004498 0.000012	*****
0.004509 -0.000058
0.004520 -0.000127
0.004531 -0.000196
0.004543 -0.000264
0.004554 -0.000332
0.004583 -0.000499
0.004612 -0.000649
0.004642 -0.000777
0.004661 -0.000848
0.004681 -0.000907
0.004700 -0.000952
0.004720 -0.000982
0.004739 -0.000998
0.004759 -0.000998
0.004778 -0.000984
0.004798 -0.000955
0.004817 -0.000911
0.004837 -0.000854
0.004857 -0.000784
0.004886 -0.000657
0.004915 -0.000508
0.004944 -0.000342
0.004974 -0.000164
0.004985 -0.000094
0.004996 -0.000024	*****
0.005007 0.000046
0.005018 0.000115
0.005030 0.000184
0.005041 0.000252
0.005052 0.000320
0.005081 0.000488
0.005110 0.000640
0.005140 0.000770
0.005159 0.000842
0.005179 0.000902
0.005198 0.000948
0.005218 0.000980
0.005237 0.000997
0.005257 0.000999
0.005276 0.000986
0.005296 0.000959
0.005316 0.000916
0.005335 0.000861
0.005355 0.000792
0.005384 0.000667
0.005413 0.000519
0.005442 0.000354
0.005472 0.000176
0.005483 0.000106
0.005494 0.000036	*****
0.005505 -0.000033
0.005516 -0.000103
0.005528 -0.000172
0.005539 -0.000240
0.005550 -0.000308
0.005579 -0.000477
0.005609 -0.000630
0.005638 -0.000762
0.005657 -0.000835
0.005677 -0.000896
0.005696 -0.000944
0.005716 -0.000977
0.005735 -0.000996
0.005755 -0.001000
0.005775 -0.000988
0.005794 -0.000962
0.005814 -0.000921
0.005833 -0.000867
0.005853 -0.000799
0.005882 -0.000676
0.005911 -0.000529
0.005941 -0.000365
0.005970 -0.000188
0.005981 -0.000118
0.005992 -0.000048	*****
0.006003 0.000021
0.006014 0.000090
0.006026 0.000160
0.006037 0.000228
0.006048 0.000297
0.006077 0.000467
0.006107 0.000621
0.006136 0.000754
0.006155 0.000828
0.006175 0.000891
0.006194 0.000940
0.006214 0.000974
0.006234 0.000995
0.006253 0.001000
0.006273 0.000990
0.006292 0.000965
0.006312 0.000926
0.006331 0.000873
0.006351 0.000806
0.006380 0.000685
0.006409 0.000540
0.006439 0.000376
0.006468 0.000200
0.006479 0.000130
0.006490 0.000061	*****
0.006501 -0.000009
0.006513 -0.000078
0.006524 -0.000147
0.006535 -0.000216
0.006546 -0.000285
0.006575 -0.000456
0.006605 -0.000611
0.006634 -0.000745
0.006653 -0.000821
0.006673 -0.000885
0.006692 -0.000935
0.006712 -0.000972
0.006732 -0.000993
0.006751 -0.001000
0.006771 -0.000992
0.006790 -0.000968
0.006810 -0.000931
0.006829 -0.000879
0.006849 -0.000814
0.006878 -0.000693
0.006907 -0.000550
0.006937 -0.000388
0.006966 -0.000212
0.006977 -0.000143
0.006988 -0.000073
0.006999 -0.000003	*****
0.007011 0.000066
0.007022 0.000135
0.007033 0.000204
0.007044 0.000273
0.007073 0.000445
0.007103 0.000601
0.007132 0.000737
0.007151 0.000814
0.007171 0.000879
0.007191 0.000931
0.007210 0.000969
0.007230 0.000992
0.007249 0.001000
0.007269 0.000993
0.007288 0.000971
0.007308 0.000935
0.007327 0.000884
0.007347 0.000821
0.007376 0.000702
0.007405 0.000560
0.007435 0.000399
0.007464 0.000224	*****
0.007542 -0.000261
0.007571 -0.000434
0.007601 -0.000591
0.007630 -0.000729
0.007650 -0.000807
0.007669 -0.000873
0.007689 -0.000926
0.007708 -0.000966
0.007728 -0.000990
0.007747 -0.001000
0.007767 -0.000994
0.007786 -0.000974
0.007806 -0.000939
0.007825 -0.000890
0.007845 -0.000828
0.007874 -0.000711
0.007903 -0.000570
0.007933 -0.000410
0.007962 -0.000236	*****
0.008040 0.000250
0.008069 0.000423
0.008099 0.000581
0.008128 0.000720
0.008148 0.000800
0.008167 0.000867
0.008187 0.000922
0.008206 0.000962
0.008226 0.000988
0.008245 0.001000
0.008265 0.000996
0.008284 0.000977
0.008304 0.000943
0.008323 0.000896
0.008343 0.000835
0.008362 0.000761
0.008392 0.000629
0.008421 0.000476
0.008450 0.000307
0.008461 0.000239
0.008473 0.000170
0.008484 0.000101
0.008495 0.000032	*****
0.008506 -0.000037
0.008517 -0.000107
0.008528 -0.000178
0.008558 -0.000355
0.008587 -0.000520
0.008616 -0.000667
0.008646 -0.000793
0.008665 -0.000861
0.008685 -0.000917
0.008704 -0.000959
0.008724 -0.000986
0.008743 -0.000999
0.008763 -0.000997
0.008782 -0.000979
0.008802 -0.000947
0.008821 -0.000901
0.008841 -0.000841
0.008860 -0.000769
0.008890 -0.000639
0.008919 -0.000487
0.008948 -0.000319
0.008978 -0.000140
0.008989 -0.000069	*****
0.009000 0.000001
0.009011 0.000070
0.009022 0.000139
0.009033 0.000208
0.009045 0.000276
0.009056 0.000343
0.009085 0.000509
0.009114 0.000658
0.009144 0.000785
0.009163 0.000855
0.009183 0.000912
0.009202 0.000955
0.009222 0.000984
0.009241 0.000999
0.009261 0.000998
0.009280 0.000982
0.009300 0.000951
0.009319 0.000906
0.009339 0.000848
0.009359 0.000776
0.009388 0.000648
0.009417 0.000498
0.009446 0.000330
0.009476 0.000152
0.009487 0.000082
0.009498 0.000012	*****
0.009509 -0.000058
0.009520 -0.000127
0.009531 -0.000196
0.009543 -0.000264
0.009554 -0.000332
0.009583 -0.000499
0.009612 -0.000649
0.009642 -0.000777
0.009661 -0.000848
0.009681 -0.000907
0.009700 -0.000952
0.009720 -0.000982
0.009739 -0.000998
0.009759 -0.000998
0.009778 -0.000984
0.009798 -0.000955
0.009817 -0.000911
0.009827 -0.000884
0.009847 -0.000821
0.009876 -0.000702
0.009905 -0.000560
0.009935 -0.000399
0.009964 -0.000224
0.009993 -0.000042
0.010000 -0.000000
